23767
5317
11065
7368
4973
29128
153579
51673
128218
28984
3149
10396
91057
11197
22974
116832
8991
4171
1829
7010
8038
151126
4320
1003
701
3664
10894
54507
23650
26577
6505
358
10568
9837
116028
64116
29028
4312
4332
8796
7083
6236
253970
5307
51203
126669
259266
762
94274
2167
143686
256949
3569
81617
11339
395
1830
128346
256764
306
157310
54538
4481
3861
54210
8318
9133
7345
858
6699
548596
1033
1368
722
7447
3373
51208
3161
11095
115908
53836
10580
115019
8395
4751
1278
6332
6707
10129
23657
55355
168537
641700
79682
9457
55450
92304
4093
100505633
6440
11254
3485
205
284
125
2920
84913
24137
207107
58475
1556
2203
969
7433
8140
653509
54674
10631
2662
7704
83540
58494
8547
23532
2305
7080
1277
101927279
3963
990
185
4085
146556
1356
810
7153
4499
9319
286133
64399
55273
4008
26872
114907
2268
728239
7123
100133941
9582
29089
667
1036
84830
4616
4091
2877
4102
3039
219348
3772
1301
105375355
29968
9173
10804
5319
23514
54742
100820829
1043
25907
186
8013
9718
55388
64151
10516
2354
7356
130271
857
991
3777
6657
27074
8091
8581
22998
1894
26585
199675
3853
4239
10563
79755
9635
79098
10135
6532
3043
