Category	Term	Count	%	PValue	Genes	List Total	Pop Hits	Pop Total	Fold Enrichment	Bonferroni	Benjamini	FDR
GOTERM_BP_DIRECT	GO:0007094~mitotic spindle assembly checkpoint signaling	5	2.5	3.7665133219359943E-4	4085, 991, 9319, 701, 83540	182	31	16177	14.336228287841191	0.420662800426585	0.14605451559722626	0.14565132852863488
GOTERM_BP_DIRECT	GO:0043627~response to estrogen	6	3.0	4.704714550043949E-4	7010, 10568, 100133941, 3485, 857, 4091	182	58	16177	9.194960212201591	0.494331292256751	0.14605451559722626	0.14565132852863488
GOTERM_BP_DIRECT	GO:0030198~extracellular matrix organization	9	4.5	4.8061610633632143E-4	1301, 4320, 11095, 1278, 1277, 4312, 64116, 10631, 54507	182	162	16177	4.938034188034188	0.5017135394328357	0.14605451559722626	0.14565132852863488
GOTERM_BP_DIRECT	GO:0035633~maintenance of blood-brain barrier	5	2.5	4.8136903148544776E-4	3569, 10804, 1003, 58494, 6505	182	33	16177	13.467365967365968	0.5022571291350806	0.14605451559722626	0.14565132852863488
GOTERM_BP_DIRECT	GO:0030154~cell differentiation	18	9.0	5.03983835739221E-4	7010, 7080, 23532, 4091, 284, 4093, 991, 84913, 3569, 79755, 1894, 2268, 857, 6657, 3853, 858, 641700, 4616	182	610	16177	2.622824716267339	0.5183110294938624	0.14605451559722626	0.14565132852863488
GOTERM_BP_DIRECT	GO:0030185~nitric oxide transport	3	1.5	7.3604465621389E-4	3039, 358, 3043	182	4	16177	66.66346153846155	0.6559338714545169	0.17775478447565443	0.17726408803817853
GOTERM_BP_DIRECT	GO:0051301~cell division	13	6.5	0.0010733614783644328	4085, 9133, 11065, 4751, 8091, 259266, 22974, 11339, 990, 991, 701, 83540, 64151	182	375	16177	3.081333333333333	0.789050409133506	0.2221858260214376	0.22157247660522933
GOTERM_BP_DIRECT	GO:0045766~positive regulation of angiogenesis	8	4.0	0.001234813538562217	7010, 1003, 358, 8038, 26585, 306, 8091, 3373	182	145	16177	4.903978779840849	0.8330983261781851	0.22365560217208155	0.22303819540280043
GOTERM_BP_DIRECT	GO:0051384~response to glucocorticoid	5	2.5	0.0021690006206954607	3569, 7356, 1036, 306, 3485	182	49	16177	9.069858712715856	0.9569888241015992	0.3492090999319692	0.3482450996561045
GOTERM_BP_DIRECT	GO:0009653~anatomical structure morphogenesis	7	3.5000000000000004	0.0029379023945857127	84913, 1368, 6657, 4091, 5307, 10894, 4093	182	126	16177	4.938034188034188	0.9859240301307365	0.42570205697546976	0.4245268960176355
GOTERM_BP_DIRECT	GO:0006270~DNA replication initiation	4	2.0	0.003307047446685706	55388, 990, 8318, 4171	182	27	16177	13.168091168091168	0.9917690414633353	0.43562834093159886	0.4344257782237132
GOTERM_BP_DIRECT	GO:0009612~response to mechanical stimulus	5	2.5	0.004018058984233559	8796, 1277, 2354, 3485, 10631	182	58	16177	7.662466843501326	0.9970733469177236	0.48518062234620224	0.4838412693514577
GOTERM_BP_DIRECT	GO:0007179~transforming growth factor beta receptor signaling pathway	6	3.0	0.004665652070577859	1003, 1278, 2662, 858, 4091, 4093	182	97	16177	5.498017446471055	0.998859570368361	0.4886736578356245	0.4873246622308333
GOTERM_BP_DIRECT	GO:0007059~chromosome segregation	6	3.0	0.005086536658280452	55355, 11339, 7153, 4751, 83540, 79682	182	99	16177	5.386946386946387	0.9993821101231996	0.4886736578356245	0.4873246622308333
GOTERM_BP_DIRECT	GO:0010628~positive regulation of gene expression	13	6.5	0.005317145055664162	6532, 7080, 8091, 115019, 284, 27074, 3569, 79755, 84830, 1003, 28984, 857, 5317	182	456	16177	2.5339912280701755	0.9995583969564784	0.4886736578356245	0.4873246622308333
GOTERM_BP_DIRECT	GO:0030216~keratinocyte differentiation	5	2.5	0.006370688741663429	6707, 8796, 3861, 3664, 6699	182	66	16177	6.733682983682984	0.9999049072466705	0.4886736578356245	0.4873246622308333
GOTERM_BP_DIRECT	GO:0030199~collagen fibril organization	5	2.5	0.006370688741663429	1301, 4320, 1278, 1277, 26585	182	66	16177	6.733682983682984	0.9999049072466705	0.4886736578356245	0.4873246622308333
GOTERM_BP_DIRECT	GO:0001937~negative regulation of endothelial cell proliferation	4	2.0	0.00638947305833159	84913, 28984, 857, 858	182	34	16177	10.457013574660634	0.9999074767910939	0.4886736578356245	0.4873246622308333
GOTERM_BP_DIRECT	GO:0015670~carbon dioxide transport	3	1.5	0.006407729122758362	3039, 358, 3043	182	11	16177	24.241258741258743	0.9999099075711707	0.4886736578356245	0.4873246622308333
GOTERM_BP_DIRECT	GO:0038166~angiotensin-activated signaling pathway	3	1.5	0.008954858286852684	857, 185, 186	182	13	16177	20.511834319526628	0.999997815308922	0.6464517059085877	0.6446671601365833
GOTERM_BP_DIRECT	GO:0051591~response to cAMP	4	2.0	0.00936886530302301	7010, 1036, 1277, 2354	182	39	16177	9.116370808678502	0.9999988075246486	0.6464517059085877	0.6446671601365833
GOTERM_BP_DIRECT	GO:0008544~epidermis development	5	2.5	0.010406915179740676	6707, 79755, 8796, 3861, 6699	182	76	16177	5.847672064777328	0.99999973897116	0.6556356563236626	0.6538257580315339
GOTERM_BP_DIRECT	GO:0042060~wound healing	5	2.5	0.010406915179740676	6707, 358, 253970, 667, 3853	182	76	16177	5.847672064777328	0.99999973897116	0.6556356563236626	0.6538257580315339
GOTERM_BP_DIRECT	GO:0016050~vesicle organization	3	1.5	0.011879213087480694	256764, 857, 858	182	15	16177	17.77692307692308	0.9999999698184506	0.7172074901566469	0.7152276213087335
GOTERM_BP_DIRECT	GO:0030214~hyaluronan catabolic process	3	1.5	0.013477244618559689	3373, 10894, 3161	182	16	16177	16.665865384615387	0.9999999971079993	0.7811410980917196	0.77898473895275
GOTERM_BP_DIRECT	GO:0090307~mitotic spindle assembly	4	2.0	0.014702253657409752	991, 4751, 29128, 22974	182	46	16177	7.729096989966555	0.9999999995221494	0.8193679057533358	0.8171060205752728
GOTERM_BP_DIRECT	GO:0001649~osteoblast differentiation	6	3.0	0.016416545377860733	115908, 1277, 2662, 3485, 6657, 4093	182	132	16177	4.04020979020979	0.9999999999616779	0.8810212686118594	0.8785891878151393
GOTERM_BP_DIRECT	GO:0031589~cell-substrate adhesion	3	1.5	0.024832598610219747	10580, 4091, 284	182	22	16177	12.120629370629372	0.9999999999999999	1.0	0.9979281767955801
GOTERM_BP_DIRECT	GO:0006268~DNA unwinding involved in DNA replication	3	1.5	0.024832598610219747	8318, 9837, 4171	182	22	16177	12.120629370629372	0.9999999999999999	1.0	0.9979281767955801
GOTERM_BP_DIRECT	GO:0098609~cell-cell adhesion	7	3.5000000000000004	0.02514456726430218	1830, 1003, 100133941, 23650, 1829, 58494, 5317	182	200	16177	3.1109615384615386	0.9999999999999999	1.0	0.9979281767955801
GOTERM_BP_DIRECT	GO:0071711~basement membrane organization	3	1.5	0.027000555871227985	4320, 857, 858	182	23	16177	11.593645484949832	1.0	1.0	0.9979281767955801
GOTERM_BP_DIRECT	GO:0030593~neutrophil chemotaxis	4	2.0	0.027125572934451975	54210, 2920, 10563, 5319	182	58	16177	6.129973474801061	1.0	1.0	0.9979281767955801
GOTERM_BP_DIRECT	GO:0007155~cell adhesion	12	6.0	0.02755502790160521	9635, 100133941, 1277, 8038, 667, 1829, 5317, 8581, 10631, 4239, 10894, 51208	182	507	16177	2.1037778789258077	1.0	1.0	0.9979281767955801
GOTERM_BP_DIRECT	GO:0045944~positive regulation of transcription by RNA polymerase II	22	11.0	0.0291328435638469	8013, 7153, 9457, 7080, 8091, 29128, 4093, 2305, 84913, 3569, 79755, 28984, 2354, 26585, 3664, 6657, 5317, 4008, 10135, 7704, 5307, 5319	182	1208	16177	1.6187595517065716	1.0	1.0	0.9979281767955801
GOTERM_BP_DIRECT	GO:0021983~pituitary gland development	3	1.5	0.03155486157974822	7080, 6657, 5307	182	25	16177	10.666153846153845	1.0	1.0	0.9979281767955801
GOTERM_BP_DIRECT	GO:0008285~negative regulation of cell population proliferation	10	5.0	0.03296975538758709	990, 3569, 10804, 11095, 28984, 1003, 1033, 3664, 4091, 7704	182	393	16177	2.26169504795459	1.0	1.0	0.9979281767955801
GOTERM_BP_DIRECT	GO:0071288~cellular response to mercury ion	2	1.0	0.03319404117374789	358, 6505	182	3	16177	59.25641025641026	1.0	1.0	0.9979281767955801
GOTERM_BP_DIRECT	GO:0010595~positive regulation of endothelial cell migration	4	2.0	0.033535642590538386	7010, 84913, 306, 284	182	63	16177	5.643467643467644	1.0	1.0	0.9979281767955801
GOTERM_BP_DIRECT	GO:0003333~amino acid transmembrane transport	3	1.5	0.036387885036658456	11254, 23657, 8140	182	27	16177	9.876068376068377	1.0	1.0	0.9979281767955801
GOTERM_BP_DIRECT	GO:0072012~glomerulus vasculature development	2	1.0	0.0440133733469386	7010, 284	182	4	16177	44.4423076923077	1.0	1.0	0.9979281767955801
GOTERM_BP_DIRECT	GO:0048014~Tie signaling pathway	2	1.0	0.0440133733469386	7010, 284	182	4	16177	44.4423076923077	1.0	1.0	0.9979281767955801
GOTERM_BP_DIRECT	GO:0044344~cellular response to fibroblast growth factor stimulus	3	1.5	0.04412840518280908	1277, 3373, 10631	182	30	16177	8.88846153846154	1.0	1.0	0.9979281767955801
GOTERM_BP_DIRECT	GO:0030308~negative regulation of cell growth	5	2.5	0.044687628966715	92304, 2203, 26585, 3373, 186	182	119	16177	3.7346477052359406	1.0	1.0	0.9979281767955801
GOTERM_BP_DIRECT	GO:0098869~cellular oxidant detoxification	4	2.0	0.045273968611852726	2877, 1356, 3039, 3043	182	71	16177	5.007583965330445	1.0	1.0	0.9979281767955801
GOTERM_BP_DIRECT	GO:0001935~endothelial cell proliferation	3	1.5	0.046832532645965944	7010, 857, 858	182	31	16177	8.601736972704714	1.0	1.0	0.9979281767955801
GOTERM_BP_DIRECT	GO:2000352~negative regulation of endothelial cell apoptotic process	3	1.5	0.04959581952480302	7010, 1003, 284	182	32	16177	8.332932692307693	1.0	1.0	0.9979281767955801
GOTERM_BP_DIRECT	GO:0006882~intracellular zinc ion homeostasis	3	1.5	0.05241661978736565	4499, 64116, 6505	182	33	16177	8.08041958041958	1.0	1.0	0.9979281767955801
GOTERM_BP_DIRECT	GO:0090461~intracellular glutamate homeostasis	2	1.0	0.054712290025638675	6505, 23657	182	5	16177	35.55384615384616	1.0	1.0	0.9979281767955801
GOTERM_BP_DIRECT	GO:0035377~transepithelial water transport	2	1.0	0.054712290025638675	358, 5317	182	5	16177	35.55384615384616	1.0	1.0	0.9979281767955801
GOTERM_BP_DIRECT	GO:0042542~response to hydrogen peroxide	3	1.5	0.05529331645719331	3039, 1277, 3043	182	34	16177	7.842760180995475	1.0	1.0	0.9979281767955801
GOTERM_BP_DIRECT	GO:0035725~sodium ion transmembrane transport	5	2.5	0.05696036091988455	10568, 6332, 6532, 11254, 3777	182	129	16177	3.4451401311866428	1.0	1.0	0.9979281767955801
GOTERM_BP_DIRECT	GO:0009410~response to xenobiotic stimulus	7	3.5000000000000004	0.060770224935662254	7356, 1277, 2354, 6532, 3485, 3777, 6505	182	248	16177	2.5088399503722085	1.0	1.0	0.9979281767955801
GOTERM_BP_DIRECT	GO:0015701~bicarbonate transport	3	1.5	0.06120807384655207	762, 64116, 115019	182	36	16177	7.407051282051283	1.0	1.0	0.9979281767955801
GOTERM_BP_DIRECT	GO:0032570~response to progesterone	3	1.5	0.06424304203764475	2354, 1829, 857	182	37	16177	7.206860706860707	1.0	1.0	0.9979281767955801
GOTERM_BP_DIRECT	GO:0002159~desmosome assembly	2	1.0	0.06529212402822716	1830, 5317	182	6	16177	29.62820512820513	1.0	1.0	0.9979281767955801
GOTERM_BP_DIRECT	GO:1990708~conditioned place preference	2	1.0	0.06529212402822716	6532, 6505	182	6	16177	29.62820512820513	1.0	1.0	0.9979281767955801
GOTERM_BP_DIRECT	GO:0045110~intermediate filament bundle assembly	2	1.0	0.06529212402822716	3861, 5317	182	6	16177	29.62820512820513	1.0	1.0	0.9979281767955801
GOTERM_BP_DIRECT	GO:0045444~fat cell differentiation	4	2.0	0.06806528183754162	8013, 2662, 8091, 4091	182	84	16177	4.232600732600733	1.0	1.0	0.9979281767955801
GOTERM_BP_DIRECT	GO:0060173~limb development	3	1.5	0.07046063183779422	26585, 3664, 23657	182	39	16177	6.837278106508877	1.0	1.0	0.9979281767955801
GOTERM_BP_DIRECT	GO:0090090~negative regulation of canonical Wnt signaling pathway	5	2.5	0.07085949234965602	115908, 26585, 3485, 857, 6657	182	139	16177	3.197288323187604	1.0	1.0	0.9979281767955801
GOTERM_BP_DIRECT	GO:0032355~response to estradiol	4	2.0	0.07394072206393959	1277, 6532, 3485, 10631	182	87	16177	4.086648983200708	1.0	1.0	0.9979281767955801
GOTERM_BP_DIRECT	GO:0032328~alanine transport	2	1.0	0.07575419350750447	11254, 8140	182	7	16177	25.395604395604398	1.0	1.0	0.9979281767955801
GOTERM_BP_DIRECT	GO:0045859~regulation of protein kinase activity	2	1.0	0.07575419350750447	1894, 2268	182	7	16177	25.395604395604398	1.0	1.0	0.9979281767955801
GOTERM_BP_DIRECT	GO:0070836~caveola assembly	2	1.0	0.07575419350750447	857, 858	182	7	16177	25.395604395604398	1.0	1.0	0.9979281767955801
GOTERM_BP_DIRECT	GO:0043066~negative regulation of apoptotic process	10	5.0	0.07640441284976687	7010, 4085, 3569, 64399, 358, 26585, 8091, 23532, 4091, 284	182	463	16177	1.919754111978734	1.0	1.0	0.9979281767955801
GOTERM_BP_DIRECT	GO:0034504~protein localization to nucleus	3	1.5	0.07686537110382233	1277, 7704, 51208	182	41	16177	6.50375234521576	1.0	1.0	0.9979281767955801
GOTERM_BP_DIRECT	GO:0006954~inflammatory response	9	4.5	0.08357213244246128	3569, 2920, 1036, 4973, 10563, 3373, 9173, 185, 186	182	403	16177	1.9850162244703187	1.0	1.0	0.9979281767955801
GOTERM_BP_DIRECT	GO:1905477~positive regulation of protein localization to membrane	2	1.0	0.08609980210103438	1830, 5317	182	8	16177	22.22115384615385	1.0	1.0	0.9979281767955801
GOTERM_BP_DIRECT	GO:0022617~extracellular matrix disassembly	3	1.5	0.09019149743429948	256764, 4320, 4312	182	45	16177	5.925641025641026	1.0	1.0	0.9979281767955801
GOTERM_BP_DIRECT	GO:0001568~blood vessel development	3	1.5	0.09362282669506869	1278, 1277, 11197	182	46	16177	5.796822742474916	1.0	1.0	0.9979281767955801
GOTERM_BP_DIRECT	GO:0002237~response to molecule of bacterial origin	2	1.0	0.09633023909921204	2920, 100133941	182	9	16177	19.752136752136753	1.0	1.0	0.9979281767955801
GOTERM_BP_DIRECT	GO:0098712~L-glutamate import across plasma membrane	2	1.0	0.09633023909921204	6505, 23657	182	9	16177	19.752136752136753	1.0	1.0	0.9979281767955801
GOTERM_BP_DIRECT	GO:0019065~receptor-mediated endocytosis of virus by host cell	2	1.0	0.09633023909921204	857, 858	182	9	16177	19.752136752136753	1.0	1.0	0.9979281767955801
GOTERM_BP_DIRECT	GO:0002768~immune response-regulating cell surface receptor signaling pathway	2	1.0	0.09633023909921204	2268, 100133941	182	9	16177	19.752136752136753	1.0	1.0	0.9979281767955801
GOTERM_BP_DIRECT	GO:0070830~bicellular tight junction assembly	3	1.5	0.09709148533163833	1894, 1003, 51208	182	47	16177	5.673486088379706	1.0	1.0	0.9979281767955801
GOTERM_BP_DIRECT	GO:0007156~homophilic cell adhesion via plasma membrane adhesion molecules	5	2.5	0.09805238040876187	1830, 1003, 54538, 1829, 23657	182	156	16177	2.848865877712032	1.0	1.0	0.9979281767955801
GOTERM_BP_DIRECT	GO:0070527~platelet aggregation	3	1.5	0.10059621992789305	6532, 3043, 23657	182	48	16177	5.555288461538462	1.0	1.0	0.9979281767955801
GOTERM_BP_DIRECT	GO:0036305~ameloblast differentiation	2	1.0	0.10644677959622632	256764, 5317	182	10	16177	17.77692307692308	1.0	1.0	0.9979281767955801
GOTERM_BP_DIRECT	GO:0051988~regulation of attachment of spindle microtubules to kinetochore	2	1.0	0.10644677959622632	1894, 4751	182	10	16177	17.77692307692308	1.0	1.0	0.9979281767955801
GOTERM_BP_DIRECT	GO:1904668~positive regulation of ubiquitin protein ligase activity	2	1.0	0.10644677959622632	991, 11065	182	10	16177	17.77692307692308	1.0	1.0	0.9979281767955801
GOTERM_BP_DIRECT	GO:0034080~CENP-A containing chromatin assembly	2	1.0	0.10644677959622632	55355, 11339	182	10	16177	17.77692307692308	1.0	1.0	0.9979281767955801
GOTERM_BP_DIRECT	GO:0007267~cell-cell signaling	6	3.0	0.10840098813298014	7010, 10804, 26585, 10563, 10135, 9718	182	225	16177	2.3702564102564105	1.0	1.0	0.9979281767955801
GOTERM_BP_DIRECT	GO:0000902~cell morphogenesis	4	2.0	0.10878438155794563	10129, 1894, 1003, 26585	182	103	16177	3.4518297236743845	1.0	1.0	0.9979281767955801
GOTERM_BP_DIRECT	GO:0050729~positive regulation of inflammatory response	4	2.0	0.10878438155794563	2167, 55450, 9173, 185	182	103	16177	3.4518297236743845	1.0	1.0	0.9979281767955801
GOTERM_BP_DIRECT	GO:0071356~cellular response to tumor necrosis factor	4	2.0	0.11114308036093644	1277, 2167, 3373, 10631	182	104	16177	3.4186390532544384	1.0	1.0	0.9979281767955801
GOTERM_BP_DIRECT	GO:0010718~positive regulation of epithelial to mesenchymal transition	3	1.5	0.11131468955614221	3569, 28984, 1277	182	51	16177	5.228506787330317	1.0	1.0	0.9979281767955801
GOTERM_BP_DIRECT	GO:0048863~stem cell differentiation	3	1.5	0.11495165037230257	3861, 8091, 4093	182	52	16177	5.127958579881657	1.0	1.0	0.9979281767955801
GOTERM_BP_DIRECT	GO:0031334~positive regulation of protein-containing complex assembly	3	1.5	0.11495165037230257	1003, 4312, 23514	182	52	16177	5.127958579881657	1.0	1.0	0.9979281767955801
GOTERM_BP_DIRECT	GO:0048146~positive regulation of fibroblast proliferation	3	1.5	0.11495165037230257	990, 358, 5319	182	52	16177	5.127958579881657	1.0	1.0	0.9979281767955801
GOTERM_BP_DIRECT	GO:0098911~regulation of ventricular cardiac muscle cell action potential	2	1.0	0.11645068464414228	1829, 857	182	11	16177	16.160839160839163	1.0	1.0	0.9979281767955801
GOTERM_BP_DIRECT	GO:0002446~neutrophil mediated immunity	2	1.0	0.11645068464414228	3569, 5319	182	11	16177	16.160839160839163	1.0	1.0	0.9979281767955801
GOTERM_BP_DIRECT	GO:0048251~elastic fiber assembly	2	1.0	0.11645068464414228	10516, 4239	182	11	16177	16.160839160839163	1.0	1.0	0.9979281767955801
GOTERM_BP_DIRECT	GO:0045603~positive regulation of endothelial cell differentiation	2	1.0	0.11645068464414228	84913, 55273	182	11	16177	16.160839160839163	1.0	1.0	0.9979281767955801
GOTERM_BP_DIRECT	GO:0031424~keratinization	3	1.5	0.11861875943196512	6707, 6699, 3853	182	53	16177	5.031204644412192	1.0	1.0	0.9979281767955801
GOTERM_BP_DIRECT	GO:0006508~proteolysis	10	5.0	0.11933031010065973	1368, 4320, 9635, 11095, 8038, 4312, 4973, 8547, 54507, 9718	182	510	16177	1.7428355957767723	1.0	1.0	0.9979281767955801
GOTERM_BP_DIRECT	GO:0001666~response to hypoxia	5	2.5	0.12549320114068443	7010, 100133941, 6532, 857, 10631	182	171	16177	2.5989653621232565	1.0	1.0	0.9979281767955801
GOTERM_BP_DIRECT	GO:0045842~positive regulation of mitotic metaphase/anaphase transition	2	1.0	0.12634320140879463	991, 11065	182	12	16177	14.814102564102566	1.0	1.0	0.9979281767955801
GOTERM_BP_DIRECT	GO:0071493~cellular response to UV-B	2	1.0	0.12634320140879463	3373, 4239	182	12	16177	14.814102564102566	1.0	1.0	0.9979281767955801
GOTERM_BP_DIRECT	GO:0043278~response to morphine	2	1.0	0.12634320140879463	2354, 6505	182	12	16177	14.814102564102566	1.0	1.0	0.9979281767955801
GOTERM_BP_DIRECT	GO:0000727~double-strand break repair via break-induced replication	2	1.0	0.12634320140879463	8318, 4171	182	12	16177	14.814102564102566	1.0	1.0	0.9979281767955801
GOTERM_BP_DIRECT	GO:0043589~skin morphogenesis	2	1.0	0.12634320140879463	1278, 1277	182	12	16177	14.814102564102566	1.0	1.0	0.9979281767955801
GOTERM_BP_DIRECT	GO:0043065~positive regulation of apoptotic process	7	3.5000000000000004	0.12841426064742156	7153, 3569, 1894, 4332, 7704, 54507, 4616	182	305	16177	2.0399747793190417	1.0	1.0	0.9979281767955801
GOTERM_BP_DIRECT	GO:0030514~negative regulation of BMP signaling pathway	3	1.5	0.1297898800998752	26585, 857, 4091	182	56	16177	4.761675824175825	1.0	1.0	0.9979281767955801
GOTERM_BP_DIRECT	GO:0015671~oxygen transport	2	1.0	0.13612556333669534	3039, 3043	182	13	16177	13.674556213017754	1.0	1.0	0.9979281767955801
GOTERM_BP_DIRECT	GO:0000076~DNA replication checkpoint signaling	2	1.0	0.13612556333669534	990, 8318	182	13	16177	13.674556213017754	1.0	1.0	0.9979281767955801
GOTERM_BP_DIRECT	GO:0051450~myoblast proliferation	2	1.0	0.13612556333669534	84913, 2268	182	13	16177	13.674556213017754	1.0	1.0	0.9979281767955801
GOTERM_BP_DIRECT	GO:0043114~regulation of vascular permeability	2	1.0	0.13612556333669534	7010, 1003	182	13	16177	13.674556213017754	1.0	1.0	0.9979281767955801
GOTERM_BP_DIRECT	GO:0030282~bone mineralization	3	1.5	0.13736805493890553	7123, 2268, 1278	182	58	16177	4.597480106100796	1.0	1.0	0.9979281767955801
GOTERM_BP_DIRECT	GO:0050830~defense response to Gram-positive bacterium	4	2.0	0.14089501519241354	3569, 2268, 3853, 5319	182	116	16177	3.0649867374005306	1.0	1.0	0.9979281767955801
GOTERM_BP_DIRECT	GO:1902895~positive regulation of miRNA transcription	3	1.5	0.14119325667417576	84913, 3569, 4091	182	59	16177	4.519556714471968	1.0	1.0	0.9979281767955801
GOTERM_BP_DIRECT	GO:0045665~negative regulation of neuron differentiation	3	1.5	0.14504119658353037	6532, 6657, 259266	182	60	16177	4.44423076923077	1.0	1.0	0.9979281767955801
GOTERM_BP_DIRECT	GO:0007266~Rho protein signal transduction	3	1.5	0.14504119658353037	1278, 185, 395	182	60	16177	4.44423076923077	1.0	1.0	0.9979281767955801
GOTERM_BP_DIRECT	GO:0055093~response to hyperoxia	2	1.0	0.14579899027874565	1277, 8140	182	14	16177	12.697802197802199	1.0	1.0	0.9979281767955801
GOTERM_BP_DIRECT	GO:0046039~GTP metabolic process	2	1.0	0.14579899027874565	168537, 205	182	14	16177	12.697802197802199	1.0	1.0	0.9979281767955801
GOTERM_BP_DIRECT	GO:0051984~positive regulation of chromosome segregation	2	1.0	0.14579899027874565	990, 64151	182	14	16177	12.697802197802199	1.0	1.0	0.9979281767955801
GOTERM_BP_DIRECT	GO:0070848~response to growth factor	2	1.0	0.14579899027874565	306, 6657	182	14	16177	12.697802197802199	1.0	1.0	0.9979281767955801
GOTERM_BP_DIRECT	GO:0045730~respiratory burst	2	1.0	0.14579899027874565	100133941, 1043	182	14	16177	12.697802197802199	1.0	1.0	0.9979281767955801
GOTERM_BP_DIRECT	GO:0061844~antimicrobial humoral immune response mediated by antimicrobial peptide	4	2.0	0.15135355409354256	2920, 10563, 3853, 5319	182	120	16177	2.962820512820513	1.0	1.0	0.9979281767955801
GOTERM_BP_DIRECT	GO:0010524~positive regulation of calcium ion transport into cytosol	2	1.0	0.15536468864661743	857, 5319	182	15	16177	11.851282051282052	1.0	1.0	0.9979281767955801
GOTERM_BP_DIRECT	GO:0089718~amino acid import across plasma membrane	2	1.0	0.15536468864661743	11254, 8140	182	15	16177	11.851282051282052	1.0	1.0	0.9979281767955801
GOTERM_BP_DIRECT	GO:0045869~negative regulation of single stranded viral RNA replication via double stranded DNA intermediate	2	1.0	0.15536468864661743	8091, 9582	182	15	16177	11.851282051282052	1.0	1.0	0.9979281767955801
GOTERM_BP_DIRECT	GO:0051216~cartilage development	3	1.5	0.1606410285857434	3373, 7704, 5307	182	64	16177	4.166466346153847	1.0	1.0	0.9979281767955801
GOTERM_BP_DIRECT	GO:0000281~mitotic cytokinesis	3	1.5	0.1645883391827101	1894, 51203, 24137	182	65	16177	4.102366863905326	1.0	1.0	0.9979281767955801
GOTERM_BP_DIRECT	GO:1902475~L-alpha-amino acid transmembrane transport	2	1.0	0.16482385158089902	23657, 8140	182	16	16177	11.110576923076925	1.0	1.0	0.9979281767955801
GOTERM_BP_DIRECT	GO:0048148~behavioral response to cocaine	2	1.0	0.16482385158089902	2354, 6532	182	16	16177	11.110576923076925	1.0	1.0	0.9979281767955801
GOTERM_BP_DIRECT	GO:0045779~negative regulation of bone resorption	2	1.0	0.16482385158089902	3569, 51208	182	16	16177	11.110576923076925	1.0	1.0	0.9979281767955801
GOTERM_BP_DIRECT	GO:0001525~angiogenesis	6	3.0	0.1673382216768231	7010, 54538, 857, 55273, 641700, 284	182	260	16177	2.051183431952663	1.0	1.0	0.9979281767955801
GOTERM_BP_DIRECT	GO:0071560~cellular response to transforming growth factor beta stimulus	3	1.5	0.1685527877215504	1277, 857, 10631	182	66	16177	4.04020979020979	1.0	1.0	0.9979281767955801
GOTERM_BP_DIRECT	GO:0009611~response to wounding	3	1.5	0.1685527877215504	667, 6657, 10894	182	66	16177	4.04020979020979	1.0	1.0	0.9979281767955801
GOTERM_BP_DIRECT	GO:0071300~cellular response to retinoic acid	3	1.5	0.17253350344760426	358, 1277, 6532	182	67	16177	3.9799081515499424	1.0	1.0	0.9979281767955801
GOTERM_BP_DIRECT	GO:0070301~cellular response to hydrogen peroxide	3	1.5	0.17253350344760426	3569, 1894, 358	182	67	16177	3.9799081515499424	1.0	1.0	0.9979281767955801
GOTERM_BP_DIRECT	GO:0060441~epithelial tube branching involved in lung morphogenesis	2	1.0	0.17417765907332378	64399, 7080	182	17	16177	10.457013574660634	1.0	1.0	0.9979281767955801
GOTERM_BP_DIRECT	GO:0071466~cellular response to xenobiotic stimulus	3	1.5	0.1765296327185633	7345, 2203, 969	182	68	16177	3.9213800904977374	1.0	1.0	0.9979281767955801
GOTERM_BP_DIRECT	GO:0033138~positive regulation of peptidyl-serine phosphorylation	3	1.5	0.18054033876732772	3569, 857, 284	182	69	16177	3.864548494983277	1.0	1.0	0.9979281767955801
GOTERM_BP_DIRECT	GO:0019725~cellular homeostasis	2	1.0	0.1834272781230718	6332, 358	182	18	16177	9.876068376068377	1.0	1.0	0.9979281767955801
GOTERM_BP_DIRECT	GO:0090190~positive regulation of branching involved in ureteric bud morphogenesis	2	1.0	0.1834272781230718	26585, 186	182	18	16177	9.876068376068377	1.0	1.0	0.9979281767955801
GOTERM_BP_DIRECT	GO:0045638~negative regulation of myeloid cell differentiation	2	1.0	0.1834272781230718	3149, 7704	182	18	16177	9.876068376068377	1.0	1.0	0.9979281767955801
GOTERM_BP_DIRECT	GO:0010744~positive regulation of macrophage derived foam cell differentiation	2	1.0	0.1834272781230718	4481, 185	182	18	16177	9.876068376068377	1.0	1.0	0.9979281767955801
GOTERM_BP_DIRECT	GO:0046785~microtubule polymerization	2	1.0	0.1834272781230718	256764, 51673	182	18	16177	9.876068376068377	1.0	1.0	0.9979281767955801
GOTERM_BP_DIRECT	GO:0001501~skeletal system development	4	2.0	0.18409249952505088	1278, 1277, 2662, 5307	182	132	16177	2.6934731934731935	1.0	1.0	0.9979281767955801
GOTERM_BP_DIRECT	GO:0006898~receptor-mediated endocytosis	3	1.5	0.18456480142319245	4481, 10894, 3161	182	70	16177	3.8093406593406596	1.0	1.0	0.9979281767955801
GOTERM_BP_DIRECT	GO:0045669~positive regulation of osteoblast differentiation	3	1.5	0.18456480142319245	3569, 115908, 2662	182	70	16177	3.8093406593406596	1.0	1.0	0.9979281767955801
GOTERM_BP_DIRECT	GO:0071456~cellular response to hypoxia	4	2.0	0.18972368450284555	28984, 358, 205, 3777	182	134	16177	2.6532721010332954	1.0	1.0	0.9979281767955801
GOTERM_BP_DIRECT	GO:0007076~mitotic chromosome condensation	2	1.0	0.19257386284969422	51203, 64151	182	19	16177	9.356275303643725	1.0	1.0	0.9979281767955801
GOTERM_BP_DIRECT	GO:0022409~positive regulation of cell-cell adhesion	2	1.0	0.19257386284969422	6657, 5317	182	19	16177	9.356275303643725	1.0	1.0	0.9979281767955801
GOTERM_BP_DIRECT	GO:0042310~vasoconstriction	2	1.0	0.19257386284969422	6532, 857	182	19	16177	9.356275303643725	1.0	1.0	0.9979281767955801
GOTERM_BP_DIRECT	GO:0070593~dendrite self-avoidance	2	1.0	0.20161855469209483	54538, 23657	182	20	16177	8.88846153846154	1.0	1.0	0.9979281767955801
GOTERM_BP_DIRECT	GO:0060252~positive regulation of glial cell proliferation	2	1.0	0.20161855469209483	3569, 8140	182	20	16177	8.88846153846154	1.0	1.0	0.9979281767955801
GOTERM_BP_DIRECT	GO:0051445~regulation of meiotic cell cycle	2	1.0	0.20161855469209483	991, 259266	182	20	16177	8.88846153846154	1.0	1.0	0.9979281767955801
GOTERM_BP_DIRECT	GO:0032868~response to insulin	3	1.5	0.20486588727750907	143686, 1277, 3485	182	75	16177	3.5553846153846154	1.0	1.0	0.9979281767955801
GOTERM_BP_DIRECT	GO:0008217~regulation of blood pressure	3	1.5	0.20895656305255086	1278, 3043, 186	182	76	16177	3.508603238866397	1.0	1.0	0.9979281767955801
GOTERM_BP_DIRECT	GO:0007088~regulation of mitotic nuclear division	2	1.0	0.21056248250021473	4751, 858	182	21	16177	8.465201465201465	1.0	1.0	0.9979281767955801
GOTERM_BP_DIRECT	GO:0071294~cellular response to zinc ion	2	1.0	0.21056248250021473	4499, 3777	182	21	16177	8.465201465201465	1.0	1.0	0.9979281767955801
GOTERM_BP_DIRECT	GO:0002042~cell migration involved in sprouting angiogenesis	2	1.0	0.21056248250021473	84830, 26585	182	21	16177	8.465201465201465	1.0	1.0	0.9979281767955801
GOTERM_BP_DIRECT	GO:0007204~positive regulation of cytosolic calcium ion concentration	4	2.0	0.21266510422910026	100133941, 1043, 10563, 185	182	142	16177	2.5037919826652226	1.0	1.0	0.9979281767955801
GOTERM_BP_DIRECT	GO:0009636~response to toxic substance	3	1.5	0.2171625939286429	6532, 11254, 23657	182	78	16177	3.4186390532544384	1.0	1.0	0.9979281767955801
GOTERM_BP_DIRECT	GO:0030509~BMP signaling pathway	3	1.5	0.2171625939286429	4091, 55273, 4093	182	78	16177	3.4186390532544384	1.0	1.0	0.9979281767955801
GOTERM_BP_DIRECT	GO:0031145~anaphase-promoting complex-dependent catabolic process	2	1.0	0.21940676268683423	991, 11065	182	22	16177	8.080419580419582	1.0	1.0	0.9979281767955801
GOTERM_BP_DIRECT	GO:0015804~neutral amino acid transport	2	1.0	0.21940676268683423	23657, 8140	182	22	16177	8.080419580419582	1.0	1.0	0.9979281767955801
GOTERM_BP_DIRECT	GO:0071280~cellular response to copper ion	2	1.0	0.21940676268683423	358, 4499	182	22	16177	8.080419580419582	1.0	1.0	0.9979281767955801
GOTERM_BP_DIRECT	GO:0007565~female pregnancy	3	1.5	0.22127657033504422	7356, 2354, 3485	182	79	16177	3.375365141187926	1.0	1.0	0.9979281767955801
GOTERM_BP_DIRECT	GO:0042127~regulation of cell population proliferation	4	2.0	0.2214006818416329	2305, 92304, 185, 23657	182	145	16177	2.4519893899204246	1.0	1.0	0.9979281767955801
GOTERM_BP_DIRECT	GO:1900181~negative regulation of protein localization to nucleus	2	1.0	0.2281524993637688	23650, 51208	182	23	16177	7.729096989966555	1.0	1.0	0.9979281767955801
GOTERM_BP_DIRECT	GO:0030301~cholesterol transport	2	1.0	0.2281524993637688	4481, 857	182	23	16177	7.729096989966555	1.0	1.0	0.9979281767955801
GOTERM_BP_DIRECT	GO:0043537~negative regulation of blood vessel endothelial cell migration	2	1.0	0.2281524993637688	28984, 186	182	23	16177	7.729096989966555	1.0	1.0	0.9979281767955801
GOTERM_BP_DIRECT	GO:0032147~activation of protein kinase activity	2	1.0	0.2281524993637688	1894, 22974	182	23	16177	7.729096989966555	1.0	1.0	0.9979281767955801
GOTERM_BP_DIRECT	GO:0032446~protein modification by small protein conjugation	2	1.0	0.2281524993637688	29089, 11065	182	23	16177	7.729096989966555	1.0	1.0	0.9979281767955801
GOTERM_BP_DIRECT	GO:0015813~L-glutamate transmembrane transport	2	1.0	0.2281524993637688	6505, 23657	182	23	16177	7.729096989966555	1.0	1.0	0.9979281767955801
GOTERM_BP_DIRECT	GO:0051893~regulation of focal adhesion assembly	2	1.0	0.2281524993637688	22998, 26585	182	23	16177	7.729096989966555	1.0	1.0	0.9979281767955801
GOTERM_BP_DIRECT	GO:0000122~negative regulation of transcription by RNA polymerase II	14	7.000000000000001	0.23669468109241093	8013, 7356, 4102, 23650, 7080, 8091, 29128, 2305, 79755, 2203, 2354, 857, 6657, 7704	182	925	16177	1.3452806652806655	1.0	1.0	0.9979281767955801
GOTERM_BP_DIRECT	GO:0051247~positive regulation of protein metabolic process	2	1.0	0.23680078447063624	29128, 185	182	24	16177	7.407051282051283	1.0	1.0	0.9979281767955801
GOTERM_BP_DIRECT	GO:0002092~positive regulation of receptor internalization	2	1.0	0.23680078447063624	26585, 284	182	24	16177	7.407051282051283	1.0	1.0	0.9979281767955801
GOTERM_BP_DIRECT	GO:0006956~complement activation	2	1.0	0.23680078447063624	28984, 8547	182	24	16177	7.407051282051283	1.0	1.0	0.9979281767955801
GOTERM_BP_DIRECT	GO:2000353~positive regulation of endothelial cell apoptotic process	2	1.0	0.23680078447063624	28984, 641700	182	24	16177	7.407051282051283	1.0	1.0	0.9979281767955801
GOTERM_BP_DIRECT	GO:0031640~killing of cells of another organism	3	1.5	0.2377901217522613	2920, 10563, 3853	182	83	16177	3.212696941612604	1.0	1.0	0.9979281767955801
GOTERM_BP_DIRECT	GO:0150104~transport across blood-brain barrier	3	1.5	0.2419297519889958	10396, 6505, 8140	182	84	16177	3.1744505494505493	1.0	1.0	0.9979281767955801
GOTERM_BP_DIRECT	GO:0042744~hydrogen peroxide catabolic process	2	1.0	0.24535269792591158	3039, 3043	182	25	16177	7.110769230769231	1.0	1.0	0.9979281767955801
GOTERM_BP_DIRECT	GO:0097150~neuronal stem cell population maintenance	2	1.0	0.24535269792591158	6657, 259266	182	25	16177	7.110769230769231	1.0	1.0	0.9979281767955801
GOTERM_BP_DIRECT	GO:0060395~SMAD protein signal transduction	2	1.0	0.24535269792591158	4091, 4093	182	25	16177	7.110769230769231	1.0	1.0	0.9979281767955801
GOTERM_BP_DIRECT	GO:0042104~positive regulation of activated T cell proliferation	2	1.0	0.24535269792591158	100133941, 3485	182	25	16177	7.110769230769231	1.0	1.0	0.9979281767955801
GOTERM_BP_DIRECT	GO:0006813~potassium ion transport	3	1.5	0.24607265805986112	358, 3772, 3777	182	85	16177	3.13710407239819	1.0	1.0	0.9979281767955801
GOTERM_BP_DIRECT	GO:0001503~ossification	3	1.5	0.24607265805986112	7123, 1301, 1277	182	85	16177	3.13710407239819	1.0	1.0	0.9979281767955801
GOTERM_BP_DIRECT	GO:0051896~regulation of phosphatidylinositol 3-kinase/protein kinase B signal transduction	2	1.0	0.2538093077350484	143686, 8395	182	26	16177	6.837278106508877	1.0	1.0	0.9979281767955801
GOTERM_BP_DIRECT	GO:0097746~blood vessel diameter maintenance	2	1.0	0.2538093077350484	3043, 185	182	26	16177	6.837278106508877	1.0	1.0	0.9979281767955801
GOTERM_BP_DIRECT	GO:0051091~positive regulation of DNA-binding transcription factor activity	3	1.5	0.25851521491154533	3569, 28984, 306	182	88	16177	3.030157342657343	1.0	1.0	0.9979281767955801
GOTERM_BP_DIRECT	GO:0009617~response to bacterium	3	1.5	0.25851521491154533	6332, 2167, 857	182	88	16177	3.030157342657343	1.0	1.0	0.9979281767955801
GOTERM_BP_DIRECT	GO:0032740~positive regulation of interleukin-17 production	2	1.0	0.26217167013878184	3569, 8140	182	27	16177	6.584045584045584	1.0	1.0	0.9979281767955801
GOTERM_BP_DIRECT	GO:0007520~myoblast fusion	2	1.0	0.26217167013878184	8038, 58494	182	27	16177	6.584045584045584	1.0	1.0	0.9979281767955801
GOTERM_BP_DIRECT	GO:0007585~respiratory gaseous exchange by respiratory system	2	1.0	0.26217167013878184	653509, 6440	182	27	16177	6.584045584045584	1.0	1.0	0.9979281767955801
GOTERM_BP_DIRECT	GO:0030279~negative regulation of ossification	2	1.0	0.26217167013878184	2662, 4091	182	27	16177	6.584045584045584	1.0	1.0	0.9979281767955801
GOTERM_BP_DIRECT	GO:0006974~DNA damage response	6	3.0	0.2643262654979022	55388, 29089, 7153, 4332, 29128, 23514	182	308	16177	1.7315184815184814	1.0	1.0	0.9979281767955801
GOTERM_BP_DIRECT	GO:0045892~negative regulation of DNA-templated transcription	9	4.5	0.26665625383801955	2305, 84913, 2167, 26585, 7080, 8091, 23532, 7704, 5307	182	545	16177	1.467819336626676	1.0	1.0	0.9979281767955801
GOTERM_BP_DIRECT	GO:0008284~positive regulation of cell population proliferation	8	4.0	0.267246265642853	2305, 3569, 7433, 26585, 23532, 3853, 10135, 5319	182	466	16177	1.5259161439418951	1.0	1.0	0.9979281767955801
GOTERM_BP_DIRECT	GO:0045893~positive regulation of DNA-templated transcription	11	5.5	0.26989133728654036	2305, 84913, 3569, 29028, 1277, 7080, 3664, 8091, 6657, 7704, 186	182	708	16177	1.3809756627553238	1.0	1.0	0.9979281767955801
GOTERM_BP_DIRECT	GO:1990138~neuron projection extension	2	1.0	0.2704408297565337	10631, 23767	182	28	16177	6.348901098901099	1.0	1.0	0.9979281767955801
GOTERM_BP_DIRECT	GO:0000079~regulation of cyclin-dependent protein serine/threonine kinase activity	2	1.0	0.2704408297565337	990, 1033	182	28	16177	6.348901098901099	1.0	1.0	0.9979281767955801
GOTERM_BP_DIRECT	GO:0060392~negative regulation of SMAD protein signal transduction	2	1.0	0.2704408297565337	26585, 4091	182	28	16177	6.348901098901099	1.0	1.0	0.9979281767955801
GOTERM_BP_DIRECT	GO:0035116~embryonic hindlimb morphogenesis	2	1.0	0.2704408297565337	7704, 5307	182	28	16177	6.348901098901099	1.0	1.0	0.9979281767955801
GOTERM_BP_DIRECT	GO:0071577~zinc ion transmembrane transport	2	1.0	0.2704408297565337	64116, 6505	182	28	16177	6.348901098901099	1.0	1.0	0.9979281767955801
GOTERM_BP_DIRECT	GO:0032869~cellular response to insulin stimulus	3	1.5	0.27096683445023234	2203, 10580, 5319	182	91	16177	2.930262045646661	1.0	1.0	0.9979281767955801
GOTERM_BP_DIRECT	GO:0014850~response to muscle activity	2	1.0	0.2786178196543916	10631, 8140	182	29	16177	6.129973474801061	1.0	1.0	0.9979281767955801
GOTERM_BP_DIRECT	GO:0048041~focal adhesion assembly	2	1.0	0.2786178196543916	10580, 395	182	29	16177	6.129973474801061	1.0	1.0	0.9979281767955801
GOTERM_BP_DIRECT	GO:0045840~positive regulation of mitotic nuclear division	2	1.0	0.2786178196543916	28984, 51203	182	29	16177	6.129973474801061	1.0	1.0	0.9979281767955801
GOTERM_BP_DIRECT	GO:0071773~cellular response to BMP stimulus	2	1.0	0.2786178196543916	55273, 4093	182	29	16177	6.129973474801061	1.0	1.0	0.9979281767955801
GOTERM_BP_DIRECT	GO:0090102~cochlea development	2	1.0	0.2867036615298759	3777, 4171	182	30	16177	5.925641025641026	1.0	1.0	0.9979281767955801
GOTERM_BP_DIRECT	GO:0071549~cellular response to dexamethasone stimulus	2	1.0	0.2867036615298759	114907, 358	182	30	16177	5.925641025641026	1.0	1.0	0.9979281767955801
GOTERM_BP_DIRECT	GO:0042476~odontogenesis	2	1.0	0.2867036615298759	1278, 358	182	30	16177	5.925641025641026	1.0	1.0	0.9979281767955801
GOTERM_BP_DIRECT	GO:0030534~adult behavior	2	1.0	0.2946993658247777	6505, 23657	182	31	16177	5.734491315136477	1.0	1.0	0.9979281767955801
GOTERM_BP_DIRECT	GO:0001958~endochondral ossification	2	1.0	0.2946993658247777	7010, 1277	182	31	16177	5.734491315136477	1.0	1.0	0.9979281767955801
GOTERM_BP_DIRECT	GO:0097421~liver regeneration	2	1.0	0.2946993658247777	3569, 8140	182	31	16177	5.734491315136477	1.0	1.0	0.9979281767955801
GOTERM_BP_DIRECT	GO:0030512~negative regulation of transforming growth factor beta receptor signaling pathway	3	1.5	0.2958412576451132	7080, 858, 4091	182	97	16177	2.7490087232355274	1.0	1.0	0.9979281767955801
GOTERM_BP_DIRECT	GO:0042632~cholesterol homeostasis	3	1.5	0.2958412576451132	100133941, 2167, 857	182	97	16177	2.7490087232355274	1.0	1.0	0.9979281767955801
GOTERM_BP_DIRECT	GO:0034394~protein localization to cell surface	2	1.0	0.302605931834799	10516, 284	182	32	16177	5.555288461538463	1.0	1.0	0.9979281767955801
GOTERM_BP_DIRECT	GO:0007159~leukocyte cell-cell adhesion	2	1.0	0.302605931834799	4973, 58494	182	32	16177	5.555288461538463	1.0	1.0	0.9979281767955801
GOTERM_BP_DIRECT	GO:0051899~membrane depolarization	2	1.0	0.302605931834799	6532, 857	182	32	16177	5.555288461538463	1.0	1.0	0.9979281767955801
GOTERM_BP_DIRECT	GO:0048705~skeletal system morphogenesis	2	1.0	0.31042434783826095	64399, 2268	182	33	16177	5.386946386946387	1.0	1.0	0.9979281767955801
GOTERM_BP_DIRECT	GO:0035987~endodermal cell differentiation	2	1.0	0.31042434783826095	1301, 8091	182	33	16177	5.386946386946387	1.0	1.0	0.9979281767955801
GOTERM_BP_DIRECT	GO:0000724~double-strand break repair via homologous recombination	3	1.5	0.31648011198841697	116028, 29128, 23514	182	102	16177	2.6142533936651584	1.0	1.0	0.9979281767955801
GOTERM_BP_DIRECT	GO:0030071~regulation of mitotic metaphase/anaphase transition	2	1.0	0.3181555912092571	990, 11065	182	34	16177	5.228506787330317	1.0	1.0	0.9979281767955801
GOTERM_BP_DIRECT	GO:0002040~sprouting angiogenesis	2	1.0	0.3181555912092571	7010, 284	182	34	16177	5.228506787330317	1.0	1.0	0.9979281767955801
GOTERM_BP_DIRECT	GO:0006915~apoptotic process	9	4.5	0.32051379448307854	701, 3963, 23532, 7704, 641700, 54507, 22974, 4616, 4171	182	578	16177	1.3840165025286133	1.0	1.0	0.9979281767955801
GOTERM_BP_DIRECT	GO:0016525~negative regulation of angiogenesis	3	1.5	0.3205928987257807	7010, 28984, 641700	182	103	16177	2.588872292755788	1.0	1.0	0.9979281767955801
GOTERM_BP_DIRECT	GO:0007160~cell-matrix adhesion	3	1.5	0.3246997579107544	10516, 10580, 10894	182	104	16177	2.5639792899408285	1.0	1.0	0.9979281767955801
GOTERM_BP_DIRECT	GO:0007154~cell communication	2	1.0	0.3258006285677085	11339, 10804	182	35	16177	5.07912087912088	1.0	1.0	0.9979281767955801
GOTERM_BP_DIRECT	GO:0045765~regulation of angiogenesis	2	1.0	0.3258006285677085	3569, 10563	182	35	16177	5.07912087912088	1.0	1.0	0.9979281767955801
GOTERM_BP_DIRECT	GO:0048678~response to axon injury	2	1.0	0.3258006285677085	6505, 23767	182	35	16177	5.07912087912088	1.0	1.0	0.9979281767955801
GOTERM_BP_DIRECT	GO:0051649~establishment of localization in cell	3	1.5	0.32880030865447907	4481, 358, 857	182	105	16177	2.53956043956044	1.0	1.0	0.9979281767955801
GOTERM_BP_DIRECT	GO:0006260~DNA replication	3	1.5	0.32880030865447907	9837, 116028, 4171	182	105	16177	2.53956043956044	1.0	1.0	0.9979281767955801
GOTERM_BP_DIRECT	GO:0071222~cellular response to lipopolysaccharide	4	2.0	0.33015792879321815	3569, 2920, 10563, 8140	182	181	16177	1.9643008924776881	1.0	1.0	0.9979281767955801
GOTERM_BP_DIRECT	GO:0007411~axon guidance	4	2.0	0.33143578939534113	7080, 54538, 23767, 23657	182	182	16177	1.9535080304311074	1.0	1.0	0.9979281767955801
GOTERM_BP_DIRECT	GO:0030335~positive regulation of cell migration	5	2.5	0.3323474217761101	1003, 2268, 1277, 10396, 857	182	260	16177	1.709319526627219	1.0	1.0	0.9979281767955801
GOTERM_BP_DIRECT	GO:0090630~activation of GTPase activity	2	1.0	0.33336041584400256	1894, 10563	182	36	16177	4.938034188034188	1.0	1.0	0.9979281767955801
GOTERM_BP_DIRECT	GO:0001975~response to amphetamine	2	1.0	0.33336041584400256	2354, 6505	182	36	16177	4.938034188034188	1.0	1.0	0.9979281767955801
GOTERM_BP_DIRECT	GO:0071407~cellular response to organic cyclic compound	2	1.0	0.33336041584400256	4481, 6505	182	36	16177	4.938034188034188	1.0	1.0	0.9979281767955801
GOTERM_BP_DIRECT	GO:0000070~mitotic sister chromatid segregation	2	1.0	0.33336041584400256	4085, 51203	182	36	16177	4.938034188034188	1.0	1.0	0.9979281767955801
GOTERM_BP_DIRECT	GO:0031100~animal organ regeneration	2	1.0	0.33336041584400256	8013, 306	182	36	16177	4.938034188034188	1.0	1.0	0.9979281767955801
GOTERM_BP_DIRECT	GO:0007229~integrin-mediated signaling pathway	3	1.5	0.33698100696393124	2268, 8038, 667	182	107	16177	2.4920920201294035	1.0	1.0	0.9979281767955801
GOTERM_BP_DIRECT	GO:2001238~positive regulation of extrinsic apoptotic signaling pathway	2	1.0	0.34083589844966933	857, 186	182	37	16177	4.804573804573805	1.0	1.0	0.9979281767955801
GOTERM_BP_DIRECT	GO:0048477~oogenesis	2	1.0	0.34083589844966933	9319, 259266	182	37	16177	4.804573804573805	1.0	1.0	0.9979281767955801
GOTERM_BP_DIRECT	GO:0090263~positive regulation of canonical Wnt signaling pathway	3	1.5	0.3451321271904022	8796, 1277, 259266	182	109	16177	2.44636556104446	1.0	1.0	0.9979281767955801
GOTERM_BP_DIRECT	GO:0043408~regulation of MAPK cascade	2	1.0	0.34822801135397186	2268, 100133941	182	38	16177	4.678137651821863	1.0	1.0	0.9979281767955801
GOTERM_BP_DIRECT	GO:0009615~response to virus	3	1.5	0.34919573796450587	2268, 8091, 3373	182	110	16177	2.424125874125874	1.0	1.0	0.9979281767955801
GOTERM_BP_DIRECT	GO:0045471~response to ethanol	3	1.5	0.35325094217518205	1036, 2354, 51208	182	111	16177	2.4022869022869027	1.0	1.0	0.9979281767955801
GOTERM_BP_DIRECT	GO:0043410~positive regulation of MAPK cascade	4	2.0	0.35465861622114353	7010, 3569, 6657, 858	182	189	16177	1.8811558811558815	1.0	1.0	0.9979281767955801
GOTERM_BP_DIRECT	GO:0070979~protein K11-linked ubiquitination	2	1.0	0.3555376792468512	29089, 11065	182	39	16177	4.558185404339251	1.0	1.0	0.9979281767955801
GOTERM_BP_DIRECT	GO:0032467~positive regulation of cytokinesis	2	1.0	0.3555376792468512	990, 1894	182	39	16177	4.558185404339251	1.0	1.0	0.9979281767955801
GOTERM_BP_DIRECT	GO:0051897~positive regulation of phosphatidylinositol 3-kinase/protein kinase B signal transduction	4	2.0	0.3569782632073223	7010, 2268, 55273, 284	182	190	16177	1.8712550607287453	1.0	1.0	0.9979281767955801
GOTERM_BP_DIRECT	GO:1902476~chloride transmembrane transport	3	1.5	0.3572974199024196	9635, 115019, 6505	182	112	16177	2.3808379120879124	1.0	1.0	0.9979281767955801
GOTERM_BP_DIRECT	GO:0006821~chloride transport	2	1.0	0.36276581655343737	11254, 115019	182	40	16177	4.44423076923077	1.0	1.0	0.9979281767955801
GOTERM_BP_DIRECT	GO:0010719~negative regulation of epithelial to mesenchymal transition	2	1.0	0.36276581655343737	79755, 7080	182	40	16177	4.44423076923077	1.0	1.0	0.9979281767955801
GOTERM_BP_DIRECT	GO:0086091~regulation of heart rate by cardiac conduction	2	1.0	0.36276581655343737	1829, 857	182	40	16177	4.44423076923077	1.0	1.0	0.9979281767955801
GOTERM_BP_DIRECT	GO:0007595~lactation	2	1.0	0.36276581655343737	1036, 857	182	40	16177	4.44423076923077	1.0	1.0	0.9979281767955801
GOTERM_BP_DIRECT	GO:0032870~cellular response to hormone stimulus	2	1.0	0.36276581655343737	2354, 3485	182	40	16177	4.44423076923077	1.0	1.0	0.9979281767955801
GOTERM_BP_DIRECT	GO:0030574~collagen catabolic process	2	1.0	0.36991332770327173	4320, 4312	182	41	16177	4.335834896810507	1.0	1.0	0.9979281767955801
GOTERM_BP_DIRECT	GO:0051480~regulation of cytosolic calcium ion concentration	2	1.0	0.36991332770327173	857, 858	182	41	16177	4.335834896810507	1.0	1.0	0.9979281767955801
GOTERM_BP_DIRECT	GO:0007566~embryo implantation	2	1.0	0.36991332770327173	7356, 51673	182	41	16177	4.335834896810507	1.0	1.0	0.9979281767955801
GOTERM_BP_DIRECT	GO:0008286~insulin receptor signaling pathway	3	1.5	0.3733899497394868	7010, 10580, 858	182	116	16177	2.298740053050398	1.0	1.0	0.9979281767955801
GOTERM_BP_DIRECT	GO:0001934~positive regulation of protein phosphorylation	4	2.0	0.375872577698467	22998, 7010, 84830, 284	182	196	16177	1.8139717425431712	1.0	1.0	0.9979281767955801
GOTERM_BP_DIRECT	GO:2000781~positive regulation of double-strand break repair	2	1.0	0.3769811070571725	2305, 23514	182	42	16177	4.232600732600733	1.0	1.0	0.9979281767955801
GOTERM_BP_DIRECT	GO:1900087~positive regulation of G1/S transition of mitotic cell cycle	2	1.0	0.3769811070571725	28984, 3373	182	42	16177	4.232600732600733	1.0	1.0	0.9979281767955801
GOTERM_BP_DIRECT	GO:0031295~T cell costimulation	2	1.0	0.3769811070571725	100133941, 857	182	42	16177	4.232600732600733	1.0	1.0	0.9979281767955801
GOTERM_BP_DIRECT	GO:0071479~cellular response to ionizing radiation	2	1.0	0.3769811070571725	1894, 23514	182	42	16177	4.232600732600733	1.0	1.0	0.9979281767955801
GOTERM_BP_DIRECT	GO:0032689~negative regulation of type II interferon production	2	1.0	0.3769811070571725	7356, 9173	182	42	16177	4.232600732600733	1.0	1.0	0.9979281767955801
GOTERM_BP_DIRECT	GO:0050728~negative regulation of inflammatory response	3	1.5	0.381376122828763	7010, 1003, 64116	182	118	16177	2.259778357235984	1.0	1.0	0.9979281767955801
GOTERM_BP_DIRECT	GO:0007043~cell-cell junction assembly	2	1.0	0.3839700391679693	1003, 5317	182	43	16177	4.134168157423972	1.0	1.0	0.9979281767955801
GOTERM_BP_DIRECT	GO:0006865~amino acid transport	2	1.0	0.3839700391679693	6532, 11254	182	43	16177	4.134168157423972	1.0	1.0	0.9979281767955801
GOTERM_BP_DIRECT	GO:0007420~brain development	4	2.0	0.388280363433253	7080, 6657, 6505, 186	182	200	16177	1.7776923076923077	1.0	1.0	0.9979281767955801
GOTERM_BP_DIRECT	GO:0035556~intracellular signal transduction	7	3.5000000000000004	0.39024836072169944	8013, 54210, 1894, 100820829, 8091, 5319, 81617	182	450	16177	1.3826495726495727	1.0	1.0	0.9979281767955801
GOTERM_BP_DIRECT	GO:0032722~positive regulation of chemokine production	2	1.0	0.39088099882178173	3569, 9173	182	44	16177	4.040209790209791	1.0	1.0	0.9979281767955801
GOTERM_BP_DIRECT	GO:0006836~neurotransmitter transport	2	1.0	0.39771485111771065	6532, 6505	182	45	16177	3.9504273504273506	1.0	1.0	0.9979281767955801
GOTERM_BP_DIRECT	GO:0048286~lung alveolus development	2	1.0	0.4111546465666518	51208, 23657	182	47	16177	3.782324058919804	1.0	1.0	0.9979281767955801
GOTERM_BP_DIRECT	GO:0048839~inner ear development	2	1.0	0.4111546465666518	10804, 6657	182	47	16177	3.782324058919804	1.0	1.0	0.9979281767955801
GOTERM_BP_DIRECT	GO:0031175~neuron projection development	3	1.5	0.41287118822277225	10129, 3569, 23767	182	126	16177	2.1163003663003663	1.0	1.0	0.9979281767955801
GOTERM_BP_DIRECT	GO:0045599~negative regulation of fat cell differentiation	2	1.0	0.4177622726783498	3569, 4320	182	48	16177	3.7035256410256414	1.0	1.0	0.9979281767955801
GOTERM_BP_DIRECT	GO:0042149~cellular response to glucose starvation	2	1.0	0.4177622726783498	143686, 8140	182	48	16177	3.7035256410256414	1.0	1.0	0.9979281767955801
GOTERM_BP_DIRECT	GO:0043406~positive regulation of MAP kinase activity	2	1.0	0.42429615751789623	100133941, 5319	182	49	16177	3.6279434850863423	1.0	1.0	0.9979281767955801
GOTERM_BP_DIRECT	GO:0000278~mitotic cell cycle	3	1.5	0.4283230117706345	4751, 259266, 22974	182	130	16177	2.051183431952663	1.0	1.0	0.9979281767955801
GOTERM_BP_DIRECT	GO:0002376~immune system process	2	1.0	0.4307571195458017	3664, 4973	182	50	16177	3.5553846153846154	1.0	1.0	0.9979281767955801
GOTERM_BP_DIRECT	GO:0001701~in utero embryonic development	4	2.0	0.43795713012625526	10568, 9133, 55273, 284	182	217	16177	1.6384260900389933	1.0	1.0	0.9979281767955801
GOTERM_BP_DIRECT	GO:0001932~regulation of protein phosphorylation	2	1.0	0.4434635037834134	1003, 6505	182	52	16177	3.4186390532544384	1.0	1.0	0.9979281767955801
GOTERM_BP_DIRECT	GO:0006644~phospholipid metabolic process	2	1.0	0.4434635037834134	7080, 5319	182	52	16177	3.4186390532544384	1.0	1.0	0.9979281767955801
GOTERM_BP_DIRECT	GO:0006811~monoatomic ion transport	3	1.5	0.44733488958325884	1356, 115019, 6505	182	135	16177	1.975213675213675	1.0	1.0	0.9979281767955801
GOTERM_BP_DIRECT	GO:0045600~positive regulation of fat cell differentiation	2	1.0	0.4497105180969055	11197, 7704	182	53	16177	3.354136429608128	1.0	1.0	0.9979281767955801
GOTERM_BP_DIRECT	GO:0045668~negative regulation of osteoblast differentiation	2	1.0	0.4497105180969055	26585, 4091	182	53	16177	3.354136429608128	1.0	1.0	0.9979281767955801
GOTERM_BP_DIRECT	GO:0030900~forebrain development	2	1.0	0.4497105180969055	7080, 6657	182	53	16177	3.354136429608128	1.0	1.0	0.9979281767955801
GOTERM_BP_DIRECT	GO:0051496~positive regulation of stress fiber assembly	2	1.0	0.45588779397315854	22998, 28984	182	54	16177	3.292022792022792	1.0	1.0	0.9979281767955801
GOTERM_BP_DIRECT	GO:0048661~positive regulation of smooth muscle cell proliferation	2	1.0	0.45588779397315854	8013, 3569	182	54	16177	3.292022792022792	1.0	1.0	0.9979281767955801
GOTERM_BP_DIRECT	GO:0071320~cellular response to cAMP	2	1.0	0.46199610565901483	2203, 358	182	55	16177	3.2321678321678324	1.0	1.0	0.9979281767955801
GOTERM_BP_DIRECT	GO:1903078~positive regulation of protein localization to plasma membrane	2	1.0	0.4680362188528962	10580, 5317	182	56	16177	3.1744505494505497	1.0	1.0	0.9979281767955801
GOTERM_BP_DIRECT	GO:0051965~positive regulation of synapse assembly	2	1.0	0.47400889078897346	54674, 23767	182	57	16177	3.1187584345479085	1.0	1.0	0.9979281767955801
GOTERM_BP_DIRECT	GO:0071230~cellular response to amino acid stimulus	2	1.0	0.47400889078897346	1278, 1277	182	57	16177	3.1187584345479085	1.0	1.0	0.9979281767955801
GOTERM_BP_DIRECT	GO:0038063~collagen-activated tyrosine kinase receptor signaling pathway	2	1.0	0.47991487036942104	7010, 1277	182	58	16177	3.0649867374005306	1.0	1.0	0.9979281767955801
GOTERM_BP_DIRECT	GO:0007584~response to nutrient	2	1.0	0.47991487036942104	6532, 3485	182	58	16177	3.0649867374005306	1.0	1.0	0.9979281767955801
GOTERM_BP_DIRECT	GO:0006959~humoral immune response	2	1.0	0.47991487036942104	54210, 3569	182	58	16177	3.0649867374005306	1.0	1.0	0.9979281767955801
GOTERM_BP_DIRECT	GO:0010507~negative regulation of autophagy	2	1.0	0.47991487036942104	4102, 8140	182	58	16177	3.0649867374005306	1.0	1.0	0.9979281767955801
GOTERM_BP_DIRECT	GO:0030336~negative regulation of cell migration	3	1.5	0.48064612304729726	22998, 1830, 7080	182	144	16177	1.8517628205128207	1.0	1.0	0.9979281767955801
GOTERM_BP_DIRECT	GO:0032496~response to lipopolysaccharide	3	1.5	0.48064612304729726	10804, 7356, 4091	182	144	16177	1.8517628205128207	1.0	1.0	0.9979281767955801
GOTERM_BP_DIRECT	GO:0007015~actin filament organization	3	1.5	0.48421685610321225	1830, 5319, 395	182	145	16177	1.8389920424403183	1.0	1.0	0.9979281767955801
GOTERM_BP_DIRECT	GO:0001819~positive regulation of cytokine production	2	1.0	0.48575489817683065	28984, 2268	182	59	16177	3.013037809647979	1.0	1.0	0.9979281767955801
GOTERM_BP_DIRECT	GO:0045785~positive regulation of cell adhesion	2	1.0	0.48575489817683065	3373, 284	182	59	16177	3.013037809647979	1.0	1.0	0.9979281767955801
GOTERM_BP_DIRECT	GO:0034220~monoatomic ion transmembrane transport	3	1.5	0.49142387484393246	9635, 10396, 3777	182	147	16177	1.8139717425431712	1.0	1.0	0.9979281767955801
GOTERM_BP_DIRECT	GO:0031507~heterochromatin formation	2	1.0	0.4915297066949932	8091, 29128	182	60	16177	2.962820512820513	1.0	1.0	0.9979281767955801
GOTERM_BP_DIRECT	GO:0007052~mitotic spindle organization	2	1.0	0.4972400202281721	83540, 24137	182	61	16177	2.9142496847414883	1.0	1.0	0.9979281767955801
GOTERM_BP_DIRECT	GO:0030097~hemopoiesis	2	1.0	0.4972400202281721	7704, 284	182	61	16177	2.9142496847414883	1.0	1.0	0.9979281767955801
GOTERM_BP_DIRECT	GO:0007605~sensory perception of sound	3	1.5	0.497973562510244	10804, 1301, 1277	182	149	16177	1.789623128549303	1.0	1.0	0.9979281767955801
GOTERM_BP_DIRECT	GO:0019221~cytokine-mediated signaling pathway	3	1.5	0.502103457122516	3569, 857, 6505	182	150	16177	1.7776923076923077	1.0	1.0	0.9979281767955801
GOTERM_BP_DIRECT	GO:0006879~intracellular iron ion homeostasis	2	1.0	0.5028865551000268	286133, 1356	182	62	16177	2.8672456575682386	1.0	1.0	0.9979281767955801
GOTERM_BP_DIRECT	GO:0002931~response to ischemia	2	1.0	0.5139911149032005	7345, 857	182	64	16177	2.7776442307692313	1.0	1.0	0.9979281767955801
GOTERM_BP_DIRECT	GO:0032757~positive regulation of interleukin-8 production	2	1.0	0.5139911149032005	3569, 5319	182	64	16177	2.7776442307692313	1.0	1.0	0.9979281767955801
GOTERM_BP_DIRECT	GO:0001570~vasculogenesis	2	1.0	0.5139911149032005	857, 55273	182	64	16177	2.7776442307692313	1.0	1.0	0.9979281767955801
GOTERM_BP_DIRECT	GO:0070098~chemokine-mediated signaling pathway	2	1.0	0.5248489601355489	2920, 10563	182	66	16177	2.6934731934731935	1.0	1.0	0.9979281767955801
GOTERM_BP_DIRECT	GO:0050679~positive regulation of epithelial cell proliferation	2	1.0	0.5354655423677606	8013, 3373	182	68	16177	2.6142533936651584	1.0	1.0	0.9979281767955801
GOTERM_BP_DIRECT	GO:0045109~intermediate filament organization	2	1.0	0.5354655423677606	3861, 3853	182	68	16177	2.6142533936651584	1.0	1.0	0.9979281767955801
GOTERM_BP_DIRECT	GO:0010467~gene expression	3	1.5	0.5405404317858313	256764, 7080, 6505	182	163	16177	1.6359131665880133	1.0	1.0	0.9979281767955801
GOTERM_BP_DIRECT	GO:0071333~cellular response to glucose stimulus	2	1.0	0.540685030644527	10804, 1277	182	69	16177	2.576365663322185	1.0	1.0	0.9979281767955801
GOTERM_BP_DIRECT	GO:0051865~protein autoubiquitination	2	1.0	0.5458461933982663	29089, 29128	182	70	16177	2.53956043956044	1.0	1.0	0.9979281767955801
GOTERM_BP_DIRECT	GO:0021766~hippocampus development	2	1.0	0.5458461933982663	7080, 306	182	70	16177	2.53956043956044	1.0	1.0	0.9979281767955801
GOTERM_BP_DIRECT	GO:0001938~positive regulation of endothelial cell proliferation	2	1.0	0.5609861744182186	7010, 858	182	73	16177	2.4351949420442573	1.0	1.0	0.9979281767955801
GOTERM_BP_DIRECT	GO:0031398~positive regulation of protein ubiquitination	2	1.0	0.5609861744182186	857, 284	182	73	16177	2.4351949420442573	1.0	1.0	0.9979281767955801
GOTERM_BP_DIRECT	GO:0000209~protein polyubiquitination	3	1.5	0.5632422395463077	29089, 11065, 23532	182	168	16177	1.5872252747252746	1.0	1.0	0.9979281767955801
GOTERM_BP_DIRECT	GO:0016567~protein ubiquitination	6	3.0	0.5671745494794068	991, 114907, 11065, 29128, 4008, 7704	182	449	16177	1.1877676888812747	1.0	1.0	0.9979281767955801
GOTERM_BP_DIRECT	GO:0071260~cellular response to mechanical stimulus	2	1.0	0.5707995612322123	358, 1277	182	75	16177	2.3702564102564105	1.0	1.0	0.9979281767955801
GOTERM_BP_DIRECT	GO:0048511~rhythmic process	2	1.0	0.5803947718611826	7153, 7080	182	77	16177	2.3086913086913086	1.0	1.0	0.9979281767955801
GOTERM_BP_DIRECT	GO:0000082~G1/S transition of mitotic cell cycle	2	1.0	0.594389031516515	9133, 1033	182	80	16177	2.222115384615385	1.0	1.0	0.9979281767955801
GOTERM_BP_DIRECT	GO:0050731~positive regulation of peptidyl-tyrosine phosphorylation	2	1.0	0.607919061243978	3569, 284	182	83	16177	2.1417979610750697	1.0	1.0	0.9979281767955801
GOTERM_BP_DIRECT	GO:0007626~locomotory behavior	2	1.0	0.612328571003917	7080, 6505	182	84	16177	2.1163003663003663	1.0	1.0	0.9979281767955801
GOTERM_BP_DIRECT	GO:0071277~cellular response to calcium ion	2	1.0	0.6166887604360279	1894, 2354	182	85	16177	2.091402714932127	1.0	1.0	0.9979281767955801
GOTERM_BP_DIRECT	GO:0016485~protein processing	2	1.0	0.6166887604360279	1368, 9718	182	85	16177	2.091402714932127	1.0	1.0	0.9979281767955801
GOTERM_BP_DIRECT	GO:0007166~cell surface receptor signaling pathway	4	2.0	0.6189820241409814	7433, 10563, 58475, 186	182	284	16177	1.2518959913326113	1.0	1.0	0.9979281767955801
GOTERM_BP_DIRECT	GO:0007613~memory	2	1.0	0.6252633667901766	6532, 6505	182	87	16177	2.043324491600354	1.0	1.0	0.9979281767955801
GOTERM_BP_DIRECT	GO:0051402~neuron apoptotic process	2	1.0	0.6294788627840627	284, 186	182	88	16177	2.0201048951048954	1.0	1.0	0.9979281767955801
GOTERM_BP_DIRECT	GO:0050829~defense response to Gram-negative bacterium	2	1.0	0.6336471967808518	3569, 358	182	89	16177	1.9974070872947278	1.0	1.0	0.9979281767955801
GOTERM_BP_DIRECT	GO:0009952~anterior/posterior pattern specification	2	1.0	0.6418444719648564	11197, 7704	182	91	16177	1.9535080304311074	1.0	1.0	0.9979281767955801
GOTERM_BP_DIRECT	GO:0043547~positive regulation of GTPase activity	2	1.0	0.6458744452861995	1894, 858	182	92	16177	1.9322742474916388	1.0	1.0	0.9979281767955801
GOTERM_BP_DIRECT	GO:0050727~regulation of inflammatory response	2	1.0	0.6576957814915201	7356, 185	182	95	16177	1.8712550607287453	1.0	1.0	0.9979281767955801
GOTERM_BP_DIRECT	GO:0006334~nucleosome assembly	2	1.0	0.6576957814915201	29028, 4171	182	95	16177	1.8712550607287453	1.0	1.0	0.9979281767955801
GOTERM_BP_DIRECT	GO:0070936~protein K48-linked ubiquitination	2	1.0	0.6615483535415434	29089, 11065	182	96	16177	1.8517628205128207	1.0	1.0	0.9979281767955801
GOTERM_BP_DIRECT	GO:0045087~innate immune response	6	3.0	0.6655910221058725	54210, 3149, 2268, 722, 23650, 9582	182	502	16177	1.062365920931658	1.0	1.0	0.9979281767955801
GOTERM_BP_DIRECT	GO:0007507~heart development	3	1.5	0.668656739120506	7010, 11197, 23767	182	204	16177	1.3071266968325792	1.0	1.0	0.9979281767955801
GOTERM_BP_DIRECT	GO:0034599~cellular response to oxidative stress	2	1.0	0.6801738883138031	6505, 23657	182	101	16177	1.7600913937547602	1.0	1.0	0.9979281767955801
GOTERM_BP_DIRECT	GO:0120162~positive regulation of cold-induced thermogenesis	2	1.0	0.6801738883138031	2167, 857	182	101	16177	1.7600913937547602	1.0	1.0	0.9979281767955801
GOTERM_BP_DIRECT	GO:0008543~fibroblast growth factor receptor signaling pathway	2	1.0	0.6837748167834938	7010, 23767	182	102	16177	1.7428355957767723	1.0	1.0	0.9979281767955801
GOTERM_BP_DIRECT	GO:0007286~spermatid development	2	1.0	0.6873354238231252	9319, 58494	182	103	16177	1.7259148618371922	1.0	1.0	0.9979281767955801
GOTERM_BP_DIRECT	GO:0007169~cell surface receptor protein tyrosine kinase signaling pathway	2	1.0	0.7011835437173526	7010, 2268	182	107	16177	1.661394680086269	1.0	1.0	0.9979281767955801
GOTERM_BP_DIRECT	GO:0006874~intracellular calcium ion homeostasis	2	1.0	0.7078771159053077	1003, 857	182	109	16177	1.6309103740296402	1.0	1.0	0.9979281767955801
GOTERM_BP_DIRECT	GO:0042593~glucose homeostasis	2	1.0	0.7176388947018566	3569, 143686	182	112	16177	1.5872252747252749	1.0	1.0	0.9979281767955801
GOTERM_BP_DIRECT	GO:0051607~defense response to virus	3	1.5	0.7246847775451488	3569, 8547, 9582	182	227	16177	1.174686546933243	1.0	1.0	0.9979281767955801
GOTERM_BP_DIRECT	GO:0051056~regulation of small GTPase mediated signal transduction	2	1.0	0.727076209370418	1894, 395	182	115	16177	1.5458193979933113	1.0	1.0	0.9979281767955801
GOTERM_BP_DIRECT	GO:0006511~ubiquitin-dependent protein catabolic process	3	1.5	0.733573465927317	7345, 11065, 29128	182	231	16177	1.1543456543456543	1.0	1.0	0.9979281767955801
GOTERM_BP_DIRECT	GO:0051726~regulation of cell cycle	3	1.5	0.733573465927317	2305, 1033, 4616	182	231	16177	1.1543456543456543	1.0	1.0	0.9979281767955801
GOTERM_BP_DIRECT	GO:0006935~chemotaxis	2	1.0	0.7590733156293726	2920, 641700	182	126	16177	1.410866910866911	1.0	1.0	0.9979281767955801
GOTERM_BP_DIRECT	GO:0010629~negative regulation of gene expression	3	1.5	0.7855977737926237	4481, 84913, 8140	182	257	16177	1.0375636037114637	1.0	1.0	0.9979281767955801
GOTERM_BP_DIRECT	GO:0071805~potassium ion transmembrane transport	2	1.0	0.7873374211528259	358, 3777	182	137	16177	1.2975856260527794	1.0	1.0	0.9979281767955801
GOTERM_BP_DIRECT	GO:0046777~protein autophosphorylation	2	1.0	0.7921099817696644	2268, 4751	182	139	16177	1.2789153292750417	1.0	1.0	0.9979281767955801
GOTERM_BP_DIRECT	GO:0042742~defense response to bacterium	2	1.0	0.7921099817696644	306, 10563	182	139	16177	1.2789153292750417	1.0	1.0	0.9979281767955801
GOTERM_BP_DIRECT	GO:0007417~central nervous system development	2	1.0	0.7967760153790369	7368, 7704	182	141	16177	1.2607746863066014	1.0	1.0	0.9979281767955801
GOTERM_BP_DIRECT	GO:0005975~carbohydrate metabolic process	2	1.0	0.8079904348979701	2203, 3373	182	146	16177	1.2175974710221287	1.0	1.0	0.9979281767955801
GOTERM_BP_DIRECT	GO:0006955~immune response	4	2.0	0.8100693470753747	3569, 10563, 4091, 9173	182	386	16177	0.9210840972499005	1.0	1.0	0.9979281767955801
GOTERM_BP_DIRECT	GO:0043524~negative regulation of neuron apoptotic process	2	1.0	0.8123019073493443	6505, 284	182	148	16177	1.2011434511434513	1.0	1.0	0.9979281767955801
GOTERM_BP_DIRECT	GO:0006281~DNA repair	3	1.5	0.822460458524802	2305, 29089, 116028	182	279	16177	0.9557485525227462	1.0	1.0	0.9979281767955801
GOTERM_BP_DIRECT	GO:0008283~cell population proliferation	2	1.0	0.8226639900724098	55388, 7704	182	153	16177	1.161890397184515	1.0	1.0	0.9979281767955801
GOTERM_BP_DIRECT	GO:0007010~cytoskeleton organization	2	1.0	0.8226639900724098	7368, 667	182	153	16177	1.161890397184515	1.0	1.0	0.9979281767955801
GOTERM_BP_DIRECT	GO:0043161~proteasome-mediated ubiquitin-dependent protein catabolic process	3	1.5	0.8343971137005094	7345, 11065, 23532	182	287	16177	0.9291074778879658	1.0	1.0	0.9979281767955801
GOTERM_BP_DIRECT	GO:0007165~signal transduction	12	6.0	0.8449383638135644	8013, 92304, 7356, 64399, 2268, 11197, 26585, 5317, 10135, 9173, 5319, 395	182	1263	16177	0.8445094098300748	1.0	1.0	0.9979281767955801
GOTERM_BP_DIRECT	GO:0140588~chromatin looping	2	1.0	0.8452700740600689	29028, 4171	182	165	16177	1.0773892773892775	1.0	1.0	0.9979281767955801
GOTERM_BP_DIRECT	GO:0007283~spermatogenesis	4	2.0	0.8645744694488314	91057, 116832, 9319, 259266	182	431	16177	0.8249152239871498	1.0	1.0	0.9979281767955801
GOTERM_BP_DIRECT	GO:0007186~G protein-coupled receptor signaling pathway	5	2.5	0.8697376499596488	7433, 185, 9718, 186, 53836	182	552	16177	0.8051142697881828	1.0	1.0	0.9979281767955801
GOTERM_BP_DIRECT	GO:0006897~endocytosis	2	1.0	0.8724738756922497	286133, 256764	182	182	16177	0.9767540152155537	1.0	1.0	0.9979281767955801
GOTERM_BP_DIRECT	GO:0015031~protein transport	4	2.0	0.8736727276603851	8991, 1894, 1277, 857	182	440	16177	0.8080419580419581	1.0	1.0	0.9979281767955801
GOTERM_BP_DIRECT	GO:0016055~Wnt signaling pathway	2	1.0	0.876754605630916	100133941, 11197	182	185	16177	0.9609147609147609	1.0	1.0	0.9979281767955801
GOTERM_BP_DIRECT	GO:0070374~positive regulation of ERK1 and ERK2 cascade	2	1.0	0.8808924096047384	7010, 284	182	188	16177	0.945581014729951	1.0	1.0	0.9979281767955801
GOTERM_BP_DIRECT	GO:0007601~visual perception	2	1.0	0.9018607502905951	1301, 1277	182	205	16177	0.8671669793621014	1.0	1.0	0.9979281767955801
GOTERM_BP_DIRECT	GO:0002250~adaptive immune response	2	1.0	0.9093874169843688	54210, 27074	182	212	16177	0.838534107402032	1.0	1.0	0.9979281767955801
GOTERM_BP_DIRECT	GO:0043123~positive regulation of canonical NF-kappaB signal transduction	2	1.0	0.9163397797505094	1894, 857	182	219	16177	0.8117316473480857	1.0	1.0	0.9979281767955801
GOTERM_BP_DIRECT	GO:0006325~chromatin organization	2	1.0	0.9182268700806349	8091, 6657	182	221	16177	0.8043856595892797	1.0	1.0	0.9979281767955801
GOTERM_BP_DIRECT	GO:0007268~chemical synaptic transmission	2	1.0	0.9236378799855566	3777, 6505	182	227	16177	0.7831243646221621	1.0	1.0	0.9979281767955801
GOTERM_BP_DIRECT	GO:0006366~transcription by RNA polymerase II	2	1.0	0.9270458562216193	2354, 9319	182	231	16177	0.7695637695637696	1.0	1.0	0.9979281767955801
GOTERM_BP_DIRECT	GO:0007399~nervous system development	3	1.5	0.9476725130872606	991, 84913, 1894	182	413	16177	0.6456509592102813	1.0	1.0	0.9979281767955801
GOTERM_BP_DIRECT	GO:0016477~cell migration	2	1.0	0.9543412573243445	1003, 100133941	182	272	16177	0.6535633484162896	1.0	1.0	0.9979281767955801
GOTERM_BP_DIRECT	GO:0006468~protein phosphorylation	2	1.0	0.9615469006332542	2268, 4751	182	287	16177	0.6194049852586438	1.0	1.0	0.9979281767955801
GOTERM_BP_DIRECT	GO:0006355~regulation of DNA-templated transcription	6	3.0	0.9669465755740748	2305, 7080, 64116, 8091, 6657, 4093	182	860	16177	0.6201252236135957	1.0	1.0	0.9979281767955801
GOTERM_BP_DIRECT	GO:0006357~regulation of transcription by RNA polymerase II	11	5.5	0.9847473727893621	8013, 2305, 3149, 2354, 7080, 1033, 3664, 4091, 7704, 5307, 4093	182	1566	16177	0.6243491502112192	1.0	1.0	0.9979281767955801
GOTERM_BP_DIRECT	GO:0006338~chromatin remodeling	5	2.5	0.9912151902767258	7010, 2268, 4751, 1033, 701	182	892	16177	0.4982321490169024	1.0	1.0	0.9979281767955801
