Category	Term	Count	%	PValue	Genes	List Total	Pop Hits	Pop Total	Fold Enrichment	Bonferroni	Benjamini	FDR
GOTERM_BP_DIRECT	GO:0007616~long-term memory	39	39.0	8.314919369699587E-90	9486, 6198, 2890, 440275, 339977, 793, 10636, 894, 114, 1497, 4909, 6722, 55902, 6446, 4204, 139411, 814, 6869, 1813, 2648, 266743, 22849, 164312, 10919, 55450, 23237, 5590, 3949, 114781, 348, 107, 5621, 9867, 4776, 6616, 6517, 5923, 5649, 50944	100	39	19416	194.16	1.0401964131494184E-86	1.0401964131494184E-86	9.952958485530406E-87
GOTERM_BP_DIRECT	GO:0042178~xenobiotic catabolic process	22	22.0	1.8576209873309283E-47	2180, 9446, 55270, 7172, 2944, 1558, 1557, 1544, 1577, 1555, 1576, 1565, 1564, 4842, 8856, 2948, 2947, 1429, 2946, 1548, 1559, 2329	100	23	19416	185.71826086956523	2.3238838551509914E-44	1.1619419275754957E-44	1.1117861609175606E-44
GOTERM_BP_DIRECT	GO:1990166~protein localization to site of double-strand break	15	15.0	3.6590430963187506E-31	7158, 9656, 11073, 4683, 5884, 27336, 25900, 3014, 6117, 83695, 55719, 84250, 51548, 7518, 10039	100	16	19416	182.025	4.577462913494757E-28	1.525820971164919E-28	1.4599581954311815E-28
GOTERM_BP_DIRECT	GO:0019370~leukotriene biosynthetic process	11	11.0	8.149215395545055E-23	6850, 4056, 5321, 10394, 5322, 4048, 4258, 4259, 240, 5319, 241	100	11	19416	194.16	1.0194668459826865E-19	2.5486671149567162E-20	2.4386527071168578E-20
GOTERM_BP_DIRECT	GO:1901750~leukotriene D4 biosynthetic process	10	10.0	1.597410848154487E-20	728441, 2679, 2678, 124975, 2687, 91227, 2686, 2681, 728226, 92086	100	10	19416	194.16	1.9983609710412632E-17	3.996721942082526E-18	3.8242015704818415E-18
GOTERM_BP_DIRECT	GO:0006805~xenobiotic metabolic process	15	15.0	1.1456799911695714E-15	7172, 1558, 1557, 1544, 1577, 1555, 1543, 1576, 1565, 1564, 54658, 8856, 1548, 1559, 2329	100	119	19416	24.47394957983193	1.3888890038060708E-12	2.3887427815885566E-13	2.285631582383295E-13
GOTERM_BP_DIRECT	GO:0042759~long-chain fatty acid biosynthetic process	9	9.0	4.0973363717159585E-14	1558, 1544, 1543, 1576, 1565, 4056, 2948, 240, 1559	100	20	19416	87.37199999999999	5.1250004240444014E-11	6.495306110927561E-12	6.214933185276011E-12
GOTERM_BP_DIRECT	GO:0008202~steroid metabolic process	11	11.0	4.1536729726155464E-14	1558, 1557, 1555, 1577, 1543, 1576, 1565, 54658, 8856, 1559, 1548	100	48	19416	44.495000000000005	5.194444874234705E-11	6.495306110927561E-12	6.214933185276011E-12
GOTERM_BP_DIRECT	GO:0006751~glutathione catabolic process	8	8.0	2.407117433946997E-13	728441, 2679, 2678, 2687, 91227, 2686, 728226, 92086	100	14	19416	110.94857142857144	3.0111113602515616E-10	3.345893233186326E-11	3.201466187149506E-11
GOTERM_BP_DIRECT	GO:0008210~estrogen metabolic process	9	9.0	3.2567721809197016E-12	1558, 1544, 1577, 9486, 1543, 1576, 1565, 54658, 1559	100	32	19416	54.607499999999995	4.074167003764728E-9	4.0742219983305464E-10	3.8983563005608827E-10
GOTERM_BP_DIRECT	GO:0006750~glutathione biosynthetic process	7	7.000000000000001	7.268649600548402E-11	2679, 2678, 124975, 2687, 91227, 2686, 4258	100	15	19416	90.608	9.093083674915903E-8	8.266436954805501E-9	7.909612338051306E-9
GOTERM_BP_DIRECT	GO:0070989~oxidative demethylation	6	6.0	3.858331005870449E-10	1558, 1544, 1577, 1576, 1565, 1559	100	9	19416	129.44	4.826771458077417E-7	4.0223100736199435E-8	3.848685178355773E-8
GOTERM_BP_DIRECT	GO:0019373~epoxygenase P450 pathway	7	7.000000000000001	5.514440364851331E-10	1558, 1557, 1555, 1544, 1543, 1559, 1548	100	20	19416	67.956	6.898562081580906E-7	5.3065883818684726E-8	5.077527012866956E-8
GOTERM_BP_DIRECT	GO:0016098~monoterpenoid metabolic process	5	5.0	2.1996679526642853E-8	1557, 1544, 1576, 1565, 1559	100	7	19416	138.6857142857143	2.7517467717008692E-5	1.965560434845015E-6	1.880716099527964E-6
GOTERM_BP_DIRECT	GO:0060291~long-term synaptic potentiation	8	8.0	5.433485116956123E-8	10636, 4776, 2890, 4204, 6616, 23237, 5649, 5590	100	68	19416	22.842352941176472	6.797059055996257E-5	4.531526587541407E-6	4.335921123330986E-6
GOTERM_BP_DIRECT	GO:0000077~DNA damage checkpoint signaling	7	7.000000000000001	5.86795511698241E-8	7158, 11073, 4683, 3014, 5884, 83695, 440275	100	41	19416	33.14926829268293	7.340542641742775E-5	4.588007407090622E-6	4.3899639218924655E-6
GOTERM_BP_DIRECT	GO:0031179~peptide modification	5	5.0	1.3043673639730918E-7	728441, 2679, 2678, 91227, 728226	100	10	19416	97.08	1.6316305535390985E-4	9.598609249001989E-6	9.184280792210534E-6
GOTERM_BP_DIRECT	GO:0097267~omega-hydroxylase P450 pathway	5	5.0	3.050571653801253E-7	1558, 1557, 1544, 1543, 1559	100	12	19416	80.9	3.815537619881182E-4	2.120147299391871E-5	2.028630149777833E-5
GOTERM_BP_DIRECT	GO:0018916~nitrobenzene metabolic process	4	4.0	5.124683903298541E-7	2944, 2948, 2947, 2946	100	4	19416	194.16	6.408926610192989E-4	3.3741997700139336E-5	3.2285508590780805E-5
GOTERM_BP_DIRECT	GO:0008306~associative learning	6	6.0	7.702309140272578E-7	6722, 6869, 6616, 5649, 1813, 50944	100	34	19416	34.2635294117647	9.630951704142632E-4	4.817794367240497E-5	4.609832020453138E-5
GOTERM_BP_DIRECT	GO:0006691~leukotriene metabolic process	5	5.0	1.4382856467949657E-6	2678, 4056, 91227, 4259, 240	100	17	19416	57.10588235294118	0.0017976788743322425	8.568073067335723E-5	8.198228186731305E-5
GOTERM_BP_DIRECT	GO:0006749~glutathione metabolic process	6	6.0	2.2799271038371647E-6	2944, 1497, 9446, 2948, 2947, 2946	100	42	19416	27.737142857142857	0.002848128422931695	1.243062020925237E-4	1.1894046675040037E-4
GOTERM_BP_DIRECT	GO:0098869~cellular oxidant detoxification	7	7.000000000000001	2.285405793867342E-6	4056, 9446, 348, 4258, 4259, 2946, 241	100	75	19416	18.1216	0.0028549627356143636	1.243062020925237E-4	1.1894046675040037E-4
GOTERM_BP_DIRECT	GO:0002933~lipid hydroxylation	4	4.0	4.434411141300259E-6	1558, 1577, 1543, 1576	100	7	19416	110.94857142857144	0.005532101891658647	2.3114368074027598E-4	2.2116625567235041E-4
GOTERM_BP_DIRECT	GO:1900273~positive regulation of long-term synaptic potentiation	5	5.0	5.227021332447415E-6	114, 107, 5649, 1813, 440275	100	23	19416	42.208695652173915	0.0065176879043546965	2.6156014747566865E-4	2.5026978139758223E-4
GOTERM_BP_DIRECT	GO:0042572~retinol metabolic process	6	6.0	8.075799406667884E-6	1558, 1544, 1577, 1543, 1576, 1565	100	54	19416	21.57333333333333	0.010052003332763682	3.885701945285201E-4	3.717973803762099E-4
GOTERM_BP_DIRECT	GO:0000724~double-strand break repair via homologous recombination	7	7.000000000000001	1.6151811888184403E-5	11073, 4683, 3014, 6117, 27336, 55719, 84250	100	105	19416	12.944	0.020003305081120804	7.48367284152544E-4	7.160636603761753E-4
GOTERM_BP_DIRECT	GO:0006082~organic acid metabolic process	4	4.0	2.736100330431689E-5	1558, 1557, 1559, 2329	100	12	19416	64.72000000000001	0.03364989549529307	0.001222450540489301	0.001169682891259547
GOTERM_BP_DIRECT	GO:0007614~short-term memory	4	4.0	3.543762989829153E-5	266743, 793, 139411, 6517	100	13	19416	59.74153846153847	0.04336490438486151	0.0015287060345780246	0.0014627187237329297
GOTERM_BP_DIRECT	GO:0019369~arachidonate metabolic process	5	5.0	4.5607649425868536E-5	1565, 5321, 1564, 4259, 240	100	39	19416	24.892307692307693	0.05545927087153635	0.001901838981058718	0.0018197452120921546
GOTERM_BP_DIRECT	GO:0008203~cholesterol metabolic process	6	6.0	6.986940804269918E-5	1544, 3949, 1576, 1565, 348, 1559	100	84	19416	13.868571428571428	0.08369837458989682	0.002819568692303763	0.002697860691197126
GOTERM_BP_DIRECT	GO:0050804~modulation of chemical synaptic transmission	6	6.0	9.709628821278034E-5	6198, 114781, 4909, 2890, 23237, 5649	100	90	19416	12.944	0.11438534883810791	0.003795858017318381	0.0036320080309593145
GOTERM_BP_DIRECT	GO:0002682~regulation of immune system process	5	5.0	1.2233301138918752E-4	728441, 2679, 2678, 91227, 728226	100	50	19416	19.416	0.1419114321143108	0.004637533249935563	0.004437351958571438
GOTERM_BP_DIRECT	GO:0008542~visual learning	5	5.0	1.4268903863597806E-4	10636, 1497, 4204, 164312, 1813	100	52	19416	18.669230769230772	0.16348993288874147	0.005250117274517899	0.005023493507272521
GOTERM_BP_DIRECT	GO:0009822~alkaloid catabolic process	3	3.0	1.5339735630379189E-4	1577, 1576, 1565	100	4	19416	145.62	0.17462282287039943	0.005482859792458389	0.005246189585589683
GOTERM_BP_DIRECT	GO:0050727~regulation of inflammatory response	6	6.0	1.7535815461424065E-4	728441, 2679, 2678, 91227, 728226, 240	100	102	19416	11.421176470588234	0.19699335359180947	0.006093695872844863	0.005830658640923502
GOTERM_BP_DIRECT	GO:0006631~fatty acid metabolic process	6	6.0	1.9206557845854801E-4	2180, 2678, 1543, 2687, 91227, 5322	100	104	19416	11.201538461538462	0.21360582377646242	0.006453034044955753	0.00617448581279939
GOTERM_BP_DIRECT	GO:0006974~DNA damage response	9	9.0	1.9601542262855207E-4	7158, 9656, 11073, 3014, 5884, 6117, 6446, 55719, 84250	100	312	19416	5.600769230769231	0.21748276389494647	0.006453034044955753	0.00617448581279939
GOTERM_BP_DIRECT	GO:0007612~learning	5	5.0	2.4912426819125456E-4	266743, 10636, 9486, 23237, 440275	100	60	19416	16.18	0.2677939285756572	0.007930734348716927	0.007588400491937778
GOTERM_BP_DIRECT	GO:0070458~cellular detoxification of nitrogen compound	3	3.0	2.5481131364814123E-4	2944, 2947, 2946	100	5	19416	116.496	0.27298602095946867	0.007930734348716927	0.007588400491937778
GOTERM_BP_DIRECT	GO:0045471~response to ethanol	6	6.0	2.7133410414468547E-4	6198, 2890, 10919, 6517, 6869, 23237	100	112	19416	10.401428571428571	0.28786303770842825	0.007930734348716927	0.007588400491937778
GOTERM_BP_DIRECT	GO:0042573~retinoic acid metabolic process	4	4.0	2.725991822500622E-4	1558, 1577, 1576, 54658	100	25	19416	31.0656	0.2889894894697821	0.007930734348716927	0.007588400491937778
GOTERM_BP_DIRECT	GO:0060999~positive regulation of dendritic spine development	4	4.0	2.725991822500622E-4	22849, 348, 4204, 50944	100	25	19416	31.0656	0.2889894894697821	0.007930734348716927	0.007588400491937778
GOTERM_BP_DIRECT	GO:0006629~lipid metabolic process	8	8.0	2.9354349301959336E-4	1555, 3949, 1576, 4048, 55902, 4258, 4259, 2948	100	250	19416	6.21312	0.3073821107777046	0.008345975221988893	0.007985717298737574
GOTERM_BP_DIRECT	GO:0050482~arachidonate secretion	4	4.0	3.441203714089755E-4	5321, 5322, 1813, 5319	100	27	19416	28.764444444444443	0.34986072681649294	0.009358577926796268	0.008954610534272689
GOTERM_BP_DIRECT	GO:0006520~amino acid metabolic process	4	4.0	3.441203714089755E-4	2678, 2687, 91227, 1497	100	27	19416	28.764444444444443	0.34986072681649294	0.009358577926796268	0.008954610534272689
GOTERM_BP_DIRECT	GO:0046222~aflatoxin metabolic process	3	3.0	3.809452822873354E-4	1544, 1577, 1576	100	6	19416	97.08	0.3791422835370556	0.010139628683860778	0.009701946870168947
GOTERM_BP_DIRECT	GO:2000463~positive regulation of excitatory postsynaptic potential	4	4.0	6.860318170160525E-4	2890, 5649, 50944, 5590	100	34	19416	22.842352941176472	0.5762113109652873	0.01783694864984617	0.017067008420356407
GOTERM_BP_DIRECT	GO:0009804~coumarin metabolic process	3	3.0	7.063765859447139E-4	1543, 1565, 1548	100	8	19416	72.81	0.586868510624403	0.01783694864984617	0.017067008420356407
GOTERM_BP_DIRECT	GO:0006302~double-strand break repair	5	5.0	7.129076198979285E-4	4683, 3014, 51548, 7518, 10039	100	79	19416	12.28860759493671	0.5902325544077336	0.01783694864984617	0.017067008420356407
GOTERM_BP_DIRECT	GO:0042220~response to cocaine	4	4.0	8.125402899918213E-4	2890, 4204, 23237, 1813	100	36	19416	21.573333333333334	0.6382858772498501	0.01993113534862291	0.01907079857098451
GOTERM_BP_DIRECT	GO:0007626~locomotory behavior	5	5.0	0.0010238369332709143	793, 114, 6616, 5649, 1813	100	87	19416	11.158620689655173	0.7223728150957007	0.024631153913882955	0.0235679386370247
GOTERM_BP_DIRECT	GO:0097681~double-strand break repair via alternative nonhomologous end joining	3	3.0	0.0011277164435513252	11073, 4683, 83695	100	10	19416	58.248	0.7562395615338331	0.026618363601560526	0.025469369489262948
GOTERM_BP_DIRECT	GO:0006325~chromatin organization	7	7.000000000000001	0.0014112011486968317	7158, 9656, 11073, 5884, 6117, 83695, 27336	100	239	19416	5.686694560669457	0.8290970600682657	0.0326928266114766	0.03128162546277977
GOTERM_BP_DIRECT	GO:0043278~response to morphine	3	3.0	0.0016430193787018489	2890, 23237, 1813	100	12	19416	48.54	0.8721768536720167	0.03737122259556387	0.03575807629647478
GOTERM_BP_DIRECT	GO:0031667~response to nutrient levels	4	4.0	0.0017719673390112962	6198, 2890, 10919, 2648	100	47	19416	16.524255319148935	0.8912493304078165	0.03958448466255592	0.03787580187136646
GOTERM_BP_DIRECT	GO:0000076~DNA replication checkpoint signaling	3	3.0	0.0019353069694246388	9656, 11073, 5884	100	13	19416	44.80615384615385	0.9113815143646855	0.04247489506579338	0.040641446357917416
GOTERM_BP_DIRECT	GO:0008344~adult locomotory behavior	4	4.0	0.0025040933032907347	894, 114781, 4909, 4204	100	53	19416	14.653584905660377	0.9565675955301335	0.05401070211063292	0.0516793048972243
GOTERM_BP_DIRECT	GO:0035556~intracellular signal transduction	9	9.0	0.002709689382908601	114, 6850, 107, 6446, 814, 5923, 1813, 5319, 5590	100	468	19416	3.733846153846154	0.9664400676427856	0.05745460030540101	0.05497454561595924
GOTERM_BP_DIRECT	GO:0035176~social behavior	4	4.0	0.0032382702381529203	266743, 4204, 139411, 50944	100	58	19416	13.390344827586206	0.9827103894191175	0.06751793446548839	0.06460349125115075
GOTERM_BP_DIRECT	GO:0048167~regulation of synaptic plasticity	4	4.0	0.004277317826471621	266743, 22849, 5923, 2648	100	64	19416	12.135	0.9953103678905038	0.08772007542485243	0.08393359734895951
GOTERM_BP_DIRECT	GO:0032496~response to lipopolysaccharide	5	5.0	0.006493844589860375	6198, 1543, 54658, 4258, 4842	100	145	19416	6.695172413793104	0.9997113488465817	0.13102902551476336	0.12537309635585273
GOTERM_BP_DIRECT	GO:0046470~phosphatidylcholine metabolic process	3	3.0	0.00660271719005428	5322, 4204, 5319	100	24	19416	24.27	0.9997483292961338	0.1311110984882207	0.12545162661103132
GOTERM_BP_DIRECT	GO:0048168~regulation of neuronal synaptic plasticity	3	3.0	0.008314038567083282	348, 5923, 23237	100	27	19416	21.57333333333333	0.9999708874144388	0.16251347261595603	0.15549850257497952
GOTERM_BP_DIRECT	GO:0032355~response to estradiol	4	4.0	0.010003657004918932	2890, 4204, 6869, 1813	100	87	19416	8.92689655172414	0.9999965515692507	0.19253192174082437	0.18422119130596865
GOTERM_BP_DIRECT	GO:0002540~leukotriene production involved in inflammatory response	2	2.0	0.010172037663746695	240, 241	100	2	19416	194.16	0.9999972125464682	0.19280635026283507	0.18448377399249688
GOTERM_BP_DIRECT	GO:0001676~long-chain fatty acid metabolic process	3	3.0	0.01155624372597727	2180, 1557, 1543	100	32	19416	18.2025	0.9999995159335232	0.21577404330145622	0.2064600558208178
GOTERM_BP_DIRECT	GO:0032869~cellular response to insulin stimulus	4	4.0	0.012332164309333165	6198, 6517, 5319, 5590	100	94	19416	8.262127659574467	0.9999998187619372	0.2268755522202322	0.21708236291576172
GOTERM_BP_DIRECT	GO:0001666~response to hypoxia	5	5.0	0.013093690705656693	1543, 6722, 4842, 4204, 1813	100	178	19416	5.453932584269663	0.9999999309469747	0.2373943054025583	0.22714706919813135
GOTERM_BP_DIRECT	GO:0001976~nervous system process involved in regulation of systemic arterial blood pressure	2	2.0	0.015219579040270987	4204, 1813	100	3	19416	129.44000000000003	0.9999999953484647	0.2580352617737555	0.24689704903532003
GOTERM_BP_DIRECT	GO:0061771~response to caloric restriction	2	2.0	0.015219579040270987	3949, 348	100	3	19416	129.44000000000003	0.9999999953484647	0.2580352617737555	0.24689704903532003
GOTERM_BP_DIRECT	GO:0009820~alkaloid metabolic process	2	2.0	0.015219579040270987	1544, 1565	100	3	19416	129.44000000000003	0.9999999953484647	0.2580352617737555	0.24689704903532003
GOTERM_BP_DIRECT	GO:0032787~monocarboxylic acid metabolic process	2	2.0	0.015219579040270987	1544, 1559	100	3	19416	129.44000000000003	0.9999999953484647	0.2580352617737555	0.24689704903532003
GOTERM_BP_DIRECT	GO:0006303~double-strand break repair via nonhomologous end joining	3	3.0	0.015263476715633818	7158, 7518, 25900	100	37	19416	15.742702702702703	0.9999999956007619	0.2580352617737555	0.24689704903532003
GOTERM_BP_DIRECT	GO:0010212~response to ionizing radiation	3	3.0	0.018547213967824924	11073, 3014, 4204	100	41	19416	14.206829268292683	0.9999999999326039	0.3093675289833197	0.2960135349264858
GOTERM_BP_DIRECT	GO:2000781~positive regulation of double-strand break repair	3	3.0	0.019410682295085396	55719, 84250, 51548	100	42	19416	13.868571428571428	0.9999999999775904	0.31951004672568195	0.30571824614759496
GOTERM_BP_DIRECT	GO:0042593~glucose homeostasis	4	4.0	0.022506713612778534	114, 6517, 51548, 240	100	118	19416	6.581694915254237	0.9999999999995711	0.36566102246215515	0.3498770934350117
GOTERM_BP_DIRECT	GO:0050796~regulation of insulin secretion	3	3.0	0.023028994950267584	114, 6616, 240	100	46	19416	12.662608695652173	0.9999999999997802	0.3693496497792917	0.3534064994291064
GOTERM_BP_DIRECT	GO:0034184~positive regulation of maintenance of mitotic sister chromatid cohesion	2	2.0	0.02523834667213155	55719, 84250	100	5	19416	77.664	0.999999999999987	0.380399658877549	0.3639795297173671
GOTERM_BP_DIRECT	GO:0097114~NMDA glutamate receptor clustering	2	2.0	0.02523834667213155	348, 5649	100	5	19416	77.664	0.999999999999987	0.380399658877549	0.3639795297173671
GOTERM_BP_DIRECT	GO:0006778~porphyrin-containing compound metabolic process	2	2.0	0.02523834667213155	1544, 1543	100	5	19416	77.664	0.999999999999987	0.380399658877549	0.3639795297173671
GOTERM_BP_DIRECT	GO:0019344~cysteine biosynthetic process	2	2.0	0.02523834667213155	2678, 91227	100	5	19416	77.664	0.999999999999987	0.380399658877549	0.3639795297173671
GOTERM_BP_DIRECT	GO:1902951~negative regulation of dendritic spine maintenance	2	2.0	0.02523834667213155	348, 5621	100	5	19416	77.664	0.999999999999987	0.380399658877549	0.3639795297173671
GOTERM_BP_DIRECT	GO:0031334~positive regulation of protein-containing complex assembly	3	3.0	0.02892949177304653	6850, 55719, 84250	100	52	19416	11.201538461538462	0.9999999999999999	0.43084278819144295	0.4122452577659131
GOTERM_BP_DIRECT	GO:0051260~protein homooligomerization	4	4.0	0.030032692864572642	114, 7158, 5621, 23237	100	132	19416	5.883636363636364	1.0	0.43944759903213937	0.4204786379228384
GOTERM_BP_DIRECT	GO:0006706~steroid catabolic process	2	2.0	0.03020982695184971	1544, 1576	100	6	19416	64.72000000000001	1.0	0.43944759903213937	0.4204786379228384
GOTERM_BP_DIRECT	GO:1904263~positive regulation of TORC1 signaling	3	3.0	0.031016709517715704	6198, 6850, 1497	100	54	19416	10.786666666666665	1.0	0.44599889203060167	0.4267471412954678
GOTERM_BP_DIRECT	GO:0034644~cellular response to UV	3	3.0	0.03425559453519554	4776, 83695, 440275	100	57	19416	10.218947368421052	1.0	0.4833012564441872	0.4624393317055892
GOTERM_BP_DIRECT	GO:0060992~response to fungicide	2	2.0	0.03515620650393368	2890, 10919	100	7	19416	55.47428571428572	1.0	0.4833012564441872	0.4624393317055892
GOTERM_BP_DIRECT	GO:0042159~lipoprotein catabolic process	2	2.0	0.03515620650393368	3949, 348	100	7	19416	55.47428571428572	1.0	0.4833012564441872	0.4624393317055892
GOTERM_BP_DIRECT	GO:0034384~high-density lipoprotein particle clearance	2	2.0	0.03515620650393368	3949, 348	100	7	19416	55.47428571428572	1.0	0.4833012564441872	0.4624393317055892
GOTERM_BP_DIRECT	GO:0000723~telomere maintenance	3	3.0	0.037620071627427566	4683, 6117, 10039	100	60	19416	9.708	1.0	0.5115511913686075	0.4894698449785956
GOTERM_BP_DIRECT	GO:0051122~hepoxilin biosynthetic process	2	2.0	0.0400776107780272	2944, 2946	100	8	19416	48.54	1.0	0.5277588535085477	0.5049778958031427
GOTERM_BP_DIRECT	GO:0051246~regulation of protein metabolic process	2	2.0	0.0400776107780272	3949, 348	100	8	19416	48.54	1.0	0.5277588535085477	0.5049778958031427
GOTERM_BP_DIRECT	GO:0061000~negative regulation of dendritic spine development	2	2.0	0.0400776107780272	348, 4204	100	8	19416	48.54	1.0	0.5277588535085477	0.5049778958031427
GOTERM_BP_DIRECT	GO:0032757~positive regulation of interleukin-8 production	3	3.0	0.04349448076061087	6850, 10394, 5319	100	65	19416	8.961230769230768	1.0	0.5515949011184446	0.5277850492716052
GOTERM_BP_DIRECT	GO:0043524~negative regulation of neuron apoptotic process	4	4.0	0.04491632619348207	22849, 4909, 4776, 4204	100	155	19416	5.010580645161291	1.0	0.5515949011184446	0.5277850492716052
GOTERM_BP_DIRECT	GO:0060316~positive regulation of ryanodine-sensitive calcium-release channel activity	2	2.0	0.044974164599585406	9446, 2946	100	9	19416	43.14666666666667	1.0	0.5515949011184446	0.5277850492716052
GOTERM_BP_DIRECT	GO:0150076~neuroinflammatory response	2	2.0	0.044974164599585406	114, 107	100	9	19416	43.14666666666667	1.0	0.5515949011184446	0.5277850492716052
GOTERM_BP_DIRECT	GO:0097680~double-strand break repair via classical nonhomologous end joining	2	2.0	0.044974164599585406	7158, 11073	100	9	19416	43.14666666666667	1.0	0.5515949011184446	0.5277850492716052
GOTERM_BP_DIRECT	GO:0051248~negative regulation of protein metabolic process	2	2.0	0.044974164599585406	3949, 348	100	9	19416	43.14666666666667	1.0	0.5515949011184446	0.5277850492716052
GOTERM_BP_DIRECT	GO:0046324~regulation of D-glucose import	2	2.0	0.044974164599585406	6198, 5319	100	9	19416	43.14666666666667	1.0	0.5515949011184446	0.5277850492716052
GOTERM_BP_DIRECT	GO:0007611~learning or memory	3	3.0	0.047172205730397064	114, 5621, 6517	100	68	19416	8.565882352941175	1.0	0.556761930408491	0.5327290413261101
GOTERM_BP_DIRECT	GO:0060315~negative regulation of ryanodine-sensitive calcium-release channel activity	2	2.0	0.0498459921708641	9446, 2946	100	10	19416	38.832	1.0	0.556761930408491	0.5327290413261101
GOTERM_BP_DIRECT	GO:0042359~vitamin D metabolic process	2	2.0	0.0498459921708641	1543, 1576	100	10	19416	38.832	1.0	0.556761930408491	0.5327290413261101
GOTERM_BP_DIRECT	GO:0035825~homologous recombination	2	2.0	0.0498459921708641	11073, 4683	100	10	19416	38.832	1.0	0.556761930408491	0.5327290413261101
GOTERM_BP_DIRECT	GO:0046456~icosanoid biosynthetic process	2	2.0	0.0498459921708641	1558, 1559	100	10	19416	38.832	1.0	0.556761930408491	0.5327290413261101
GOTERM_BP_DIRECT	GO:0044539~long-chain fatty acid import into cell	2	2.0	0.0498459921708641	2180, 6198	100	10	19416	38.832	1.0	0.556761930408491	0.5327290413261101
GOTERM_BP_DIRECT	GO:0031915~positive regulation of synaptic plasticity	2	2.0	0.0498459921708641	114, 4204	100	10	19416	38.832	1.0	0.556761930408491	0.5327290413261101
GOTERM_BP_DIRECT	GO:0071481~cellular response to X-ray	2	2.0	0.0498459921708641	894, 7158	100	10	19416	38.832	1.0	0.556761930408491	0.5327290413261101
GOTERM_BP_DIRECT	GO:0006171~cAMP biosynthetic process	2	2.0	0.0498459921708641	114, 107	100	10	19416	38.832	1.0	0.556761930408491	0.5327290413261101
GOTERM_BP_DIRECT	GO:0099566~regulation of postsynaptic cytosolic calcium ion concentration	2	2.0	0.0498459921708641	793, 2890	100	10	19416	38.832	1.0	0.556761930408491	0.5327290413261101
GOTERM_BP_DIRECT	GO:0060079~excitatory postsynaptic potential	3	3.0	0.050959569374031864	266743, 4204, 1813	100	71	19416	8.203943661971831	1.0	0.5641630202381758	0.5398106596523552
GOTERM_BP_DIRECT	GO:0021766~hippocampus development	3	3.0	0.05224567413520548	6722, 4204, 5649	100	72	19416	8.09	1.0	0.5733275293258074	0.5485795784196575
GOTERM_BP_DIRECT	GO:0019372~lipoxygenase pathway	2	2.0	0.054693217089901915	240, 241	100	11	19416	35.30181818181818	1.0	0.5847967058074127	0.5595536825351504
GOTERM_BP_DIRECT	GO:0033314~mitotic DNA replication checkpoint signaling	2	2.0	0.054693217089901915	11073, 5884	100	11	19416	35.30181818181818	1.0	0.5847967058074127	0.5595536825351504
GOTERM_BP_DIRECT	GO:0050665~hydrogen peroxide biosynthetic process	2	2.0	0.054693217089901915	1544, 1543	100	11	19416	35.30181818181818	1.0	0.5847967058074127	0.5595536825351504
GOTERM_BP_DIRECT	GO:0007416~synapse assembly	3	3.0	0.058846853264025056	2890, 4204, 1813	100	77	19416	7.564675324675324	1.0	0.6204539073454999	0.5936717242946149
GOTERM_BP_DIRECT	GO:0021794~thalamus development	2	2.0	0.059515962335299745	4204, 139411	100	12	19416	32.36000000000001	1.0	0.6204539073454999	0.5936717242946149
GOTERM_BP_DIRECT	GO:0032793~positive regulation of CREB transcription factor activity	2	2.0	0.059515962335299745	114, 107	100	12	19416	32.36000000000001	1.0	0.6204539073454999	0.5936717242946149
GOTERM_BP_DIRECT	GO:0006281~DNA repair	5	5.0	0.06110864637377247	9656, 11073, 5884, 6117, 10039	100	290	19416	3.347586206896552	1.0	0.6286651451131343	0.6015285201442221
GOTERM_BP_DIRECT	GO:0009636~response to toxic substance	3	3.0	0.061564236835156605	6198, 6722, 1813	100	79	19416	7.373164556962026	1.0	0.6286651451131343	0.6015285201442221
GOTERM_BP_DIRECT	GO:0006468~protein phosphorylation	5	5.0	0.062350565491870825	6850, 6446, 814, 440275, 5590	100	292	19416	3.3246575342465756	1.0	0.6286651451131343	0.6015285201442221
GOTERM_BP_DIRECT	GO:0021987~cerebral cortex development	3	3.0	0.06293883582827675	3014, 2890, 4204	100	80	19416	7.281	1.0	0.6286651451131343	0.6015285201442221
GOTERM_BP_DIRECT	GO:0046685~response to arsenic-containing substance	2	2.0	0.06431435028519675	1543, 2890	100	13	19416	29.870769230769234	1.0	0.6286651451131343	0.6015285201442221
GOTERM_BP_DIRECT	GO:0046471~phosphatidylglycerol metabolic process	2	2.0	0.06431435028519675	5322, 5319	100	13	19416	29.870769230769234	1.0	0.6286651451131343	0.6015285201442221
GOTERM_BP_DIRECT	GO:0090181~regulation of cholesterol metabolic process	2	2.0	0.06431435028519675	3949, 348	100	13	19416	29.870769230769234	1.0	0.6286651451131343	0.6015285201442221
GOTERM_BP_DIRECT	GO:0051321~meiotic cell cycle	3	3.0	0.06432385177816242	4683, 3014, 6117	100	81	19416	7.191111111111111	1.0	0.6286651451131343	0.6015285201442221
GOTERM_BP_DIRECT	GO:0006954~inflammatory response	6	6.0	0.0658224194316529	2687, 4776, 9867, 814, 6869, 5590	100	424	19416	2.7475471698113205	1.0	0.638324393093006	0.6107708221681282
GOTERM_BP_DIRECT	GO:0050731~positive regulation of peptidyl-tyrosine phosphorylation	3	3.0	0.06854001227616713	6850, 5621, 5649	100	84	19416	6.934285714285714	1.0	0.6402201250216483	0.6125847239415771
GOTERM_BP_DIRECT	GO:0071285~cellular response to lithium ion	2	2.0	0.06908850270017787	4776, 7518	100	14	19416	27.73714285714286	1.0	0.6402201250216483	0.6125847239415771
GOTERM_BP_DIRECT	GO:1904322~cellular response to forskolin	2	2.0	0.06908850270017787	114, 107	100	14	19416	27.73714285714286	1.0	0.6402201250216483	0.6125847239415771
GOTERM_BP_DIRECT	GO:1900272~negative regulation of long-term synaptic potentiation	2	2.0	0.06908850270017787	348, 5621	100	14	19416	27.73714285714286	1.0	0.6402201250216483	0.6125847239415771
GOTERM_BP_DIRECT	GO:1900271~regulation of long-term synaptic potentiation	2	2.0	0.06908850270017787	793, 23237	100	14	19416	27.73714285714286	1.0	0.6402201250216483	0.6125847239415771
GOTERM_BP_DIRECT	GO:0034638~phosphatidylcholine catabolic process	2	2.0	0.06908850270017787	5321, 5322	100	14	19416	27.73714285714286	1.0	0.6402201250216483	0.6125847239415771
GOTERM_BP_DIRECT	GO:0044027~negative regulation of gene expression via chromosomal CpG island methylation	2	2.0	0.07383854075072134	4204, 10919	100	15	19416	25.888	1.0	0.6459581432108559	0.6180750578924017
GOTERM_BP_DIRECT	GO:0007625~grooming behavior	2	2.0	0.07383854075072134	1497, 1813	100	15	19416	25.888	1.0	0.6459581432108559	0.6180750578924017
GOTERM_BP_DIRECT	GO:1905907~negative regulation of amyloid fibril formation	2	2.0	0.07383854075072134	3949, 348	100	15	19416	25.888	1.0	0.6459581432108559	0.6180750578924017
GOTERM_BP_DIRECT	GO:0032228~regulation of synaptic transmission, GABAergic	2	2.0	0.07383854075072134	266743, 1813	100	15	19416	25.888	1.0	0.6459581432108559	0.6180750578924017
GOTERM_BP_DIRECT	GO:0060074~synapse maturation	2	2.0	0.07383854075072134	4776, 50944	100	15	19416	25.888	1.0	0.6459581432108559	0.6180750578924017
GOTERM_BP_DIRECT	GO:0042448~progesterone metabolic process	2	2.0	0.07383854075072134	1543, 1565	100	15	19416	25.888	1.0	0.6459581432108559	0.6180750578924017
GOTERM_BP_DIRECT	GO:0051090~regulation of DNA-binding transcription factor activity	2	2.0	0.07383854075072134	6850, 6446	100	15	19416	25.888	1.0	0.6459581432108559	0.6180750578924017
GOTERM_BP_DIRECT	GO:0000302~response to reactive oxygen species	2	2.0	0.07383854075072134	348, 55270	100	15	19416	25.888	1.0	0.6459581432108559	0.6180750578924017
GOTERM_BP_DIRECT	GO:0071277~cellular response to calcium ion	3	3.0	0.07723511353750713	114, 107, 241	100	90	19416	6.472	1.0	0.6709800488570932	0.642016881280528
GOTERM_BP_DIRECT	GO:0071361~cellular response to ethanol	2	2.0	0.0785645850004841	54658, 1813	100	16	19416	24.27	1.0	0.6731801084630521	0.6441219742847909
GOTERM_BP_DIRECT	GO:0048148~behavioral response to cocaine	2	2.0	0.0785645850004841	10919, 1813	100	16	19416	24.27	1.0	0.6731801084630521	0.6441219742847909
GOTERM_BP_DIRECT	GO:0097242~amyloid-beta clearance	2	2.0	0.08326675541593838	3949, 6850	100	17	19416	22.842352941176472	1.0	0.6853073093772296	0.6557256989005147
GOTERM_BP_DIRECT	GO:0048266~behavioral response to pain	2	2.0	0.08326675541593838	2890, 6869	100	17	19416	22.842352941176472	1.0	0.6853073093772296	0.6557256989005147
GOTERM_BP_DIRECT	GO:0006536~glutamate metabolic process	2	2.0	0.08326675541593838	2678, 91227	100	17	19416	22.842352941176472	1.0	0.6853073093772296	0.6557256989005147
GOTERM_BP_DIRECT	GO:0021756~striatum development	2	2.0	0.08326675541593838	4204, 1813	100	17	19416	22.842352941176472	1.0	0.6853073093772296	0.6557256989005147
GOTERM_BP_DIRECT	GO:0042446~hormone biosynthetic process	2	2.0	0.08326675541593838	1543, 1565	100	17	19416	22.842352941176472	1.0	0.6853073093772296	0.6557256989005147
GOTERM_BP_DIRECT	GO:0031573~mitotic intra-S DNA damage checkpoint signaling	2	2.0	0.08326675541593838	9656, 5884	100	17	19416	22.842352941176472	1.0	0.6853073093772296	0.6557256989005147
GOTERM_BP_DIRECT	GO:0070374~positive regulation of ERK1 and ERK2 cascade	4	4.0	0.08736363452357312	5322, 348, 1813, 5590	100	205	19416	3.7884878048780486	1.0	0.7052526243094404	0.6748100649867307
GOTERM_BP_DIRECT	GO:0002028~regulation of sodium ion transport	2	2.0	0.08794517137671677	4842, 1813	100	18	19416	21.573333333333334	1.0	0.7052526243094404	0.6748100649867307
GOTERM_BP_DIRECT	GO:0060997~dendritic spine morphogenesis	2	2.0	0.08794517137671677	23237, 50944	100	18	19416	21.573333333333334	1.0	0.7052526243094404	0.6748100649867307
GOTERM_BP_DIRECT	GO:0034374~low-density lipoprotein particle remodeling	2	2.0	0.08794517137671677	5322, 348	100	18	19416	21.573333333333334	1.0	0.7052526243094404	0.6748100649867307
GOTERM_BP_DIRECT	GO:0007409~axonogenesis	3	3.0	0.09243946309672132	107, 6616, 1813	100	100	19416	5.8248	1.0	0.7240158720795987	0.6927633883927096
GOTERM_BP_DIRECT	GO:0045721~negative regulation of gluconeogenesis	2	2.0	0.09259995166485675	51548, 2648	100	19	19416	20.437894736842107	1.0	0.7240158720795987	0.6927633883927096
GOTERM_BP_DIRECT	GO:0008610~lipid biosynthetic process	2	2.0	0.09259995166485675	2180, 55902	100	19	19416	20.437894736842107	1.0	0.7240158720795987	0.6927633883927096
GOTERM_BP_DIRECT	GO:0008209~androgen metabolic process	2	2.0	0.09259995166485675	9486, 1576	100	19	19416	20.437894736842107	1.0	0.7240158720795987	0.6927633883927096
GOTERM_BP_DIRECT	GO:0120162~positive regulation of cold-induced thermogenesis	3	3.0	0.0940049813476203	2180, 6850, 51548	100	101	19416	5.767128712871287	1.0	0.7304362215271615	0.6989066004540465
GOTERM_BP_DIRECT	GO:0000038~very long-chain fatty acid metabolic process	2	2.0	0.09723121447403406	2180, 30	100	20	19416	19.416	1.0	0.7462346583252553	0.7140230903399925
GOTERM_BP_DIRECT	GO:0035418~protein localization to synapse	2	2.0	0.09723121447403406	5649, 50944	100	20	19416	19.416	1.0	0.7462346583252553	0.7140230903399925
GOTERM_BP_DIRECT	GO:0010880~regulation of release of sequestered calcium ion into cytosol by sarcoplasmic reticulum	2	2.0	0.10183907742643365	9446, 2946	100	21	19416	18.49142857142857	1.0	0.7768334503687103	0.7433010712161041
GOTERM_BP_DIRECT	GO:0010996~response to auditory stimulus	2	2.0	0.10642365754052377	793, 6869	100	22	19416	17.65090909090909	1.0	0.7924761641856859	0.7582685599762319
GOTERM_BP_DIRECT	GO:0060292~long-term synaptic depression	2	2.0	0.10642365754052377	6722, 2890	100	22	19416	17.65090909090909	1.0	0.7924761641856859	0.7582685599762319
GOTERM_BP_DIRECT	GO:0050709~negative regulation of protein secretion	2	2.0	0.10642365754052377	348, 1813	100	22	19416	17.65090909090909	1.0	0.7924761641856859	0.7582685599762319
GOTERM_BP_DIRECT	GO:0032204~regulation of telomere maintenance	2	2.0	0.10642365754052377	55719, 84250	100	22	19416	17.65090909090909	1.0	0.7924761641856859	0.7582685599762319
GOTERM_BP_DIRECT	GO:0050729~positive regulation of inflammatory response	3	3.0	0.11006541325332177	3949, 4258, 55450	100	111	19416	5.247567567567567	1.0	0.8119434161690322	0.7768954989243257
GOTERM_BP_DIRECT	GO:0071404~cellular response to low-density lipoprotein particle stimulus	2	2.0	0.11098507127490367	3949, 6850	100	23	19416	16.883478260869566	1.0	0.8119434161690322	0.7768954989243257
GOTERM_BP_DIRECT	GO:0035235~ionotropic glutamate receptor signaling pathway	2	2.0	0.11098507127490367	22849, 2890	100	23	19416	16.883478260869566	1.0	0.8119434161690322	0.7768954989243257
GOTERM_BP_DIRECT	GO:0010881~regulation of cardiac muscle contraction by regulation of the release of sequestered calcium ion	2	2.0	0.11552343449724883	9446, 2946	100	24	19416	16.180000000000003	1.0	0.8402314916049901	0.8039625063558539
GOTERM_BP_DIRECT	GO:0048844~artery morphogenesis	2	2.0	0.12003886250720167	3949, 348	100	25	19416	15.5328	1.0	0.8581063828371959	0.8210658195492594
GOTERM_BP_DIRECT	GO:0071280~cellular response to copper ion	2	2.0	0.12003886250720167	1543, 5621	100	25	19416	15.5328	1.0	0.8581063828371959	0.8210658195492594
GOTERM_BP_DIRECT	GO:0031638~zymogen activation	2	2.0	0.12003886250720167	2678, 91227	100	25	19416	15.5328	1.0	0.8581063828371959	0.8210658195492594
GOTERM_BP_DIRECT	GO:0032753~positive regulation of interleukin-4 production	2	2.0	0.12900137124411598	6850, 5590	100	27	19416	14.382222222222222	1.0	0.906633232732523	0.8674979852764428
GOTERM_BP_DIRECT	GO:0061136~regulation of proteasomal protein catabolic process	2	2.0	0.12900137124411598	348, 55270	100	27	19416	14.382222222222222	1.0	0.906633232732523	0.8674979852764428
GOTERM_BP_DIRECT	GO:0002092~positive regulation of receptor internalization	2	2.0	0.12900137124411598	6850, 1813	100	27	19416	14.382222222222222	1.0	0.906633232732523	0.8674979852764428
GOTERM_BP_DIRECT	GO:0006979~response to oxidative stress	3	3.0	0.1370894841796777	10636, 348, 5621	100	127	19416	4.586456692913385	1.0	0.9425123451874156	0.9018283590642178
GOTERM_BP_DIRECT	GO:0050807~regulation of synapse organization	2	2.0	0.13787350852861474	348, 4204	100	29	19416	13.390344827586206	1.0	0.9425123451874156	0.9018283590642178
GOTERM_BP_DIRECT	GO:1990138~neuron projection extension	2	2.0	0.13787350852861474	440275, 5590	100	29	19416	13.390344827586206	1.0	0.9425123451874156	0.9018283590642178
GOTERM_BP_DIRECT	GO:0021510~spinal cord development	2	2.0	0.13787350852861474	2890, 4204	100	29	19416	13.390344827586206	1.0	0.9425123451874156	0.9018283590642178
GOTERM_BP_DIRECT	GO:0045776~negative regulation of blood pressure	2	2.0	0.13787350852861474	4842, 1813	100	29	19416	13.390344827586206	1.0	0.9425123451874156	0.9018283590642178
GOTERM_BP_DIRECT	GO:1902430~negative regulation of amyloid-beta formation	2	2.0	0.1422759701094548	348, 5621	100	30	19416	12.944	1.0	0.9620931816590701	0.920563979573067
GOTERM_BP_DIRECT	GO:1902894~negative regulation of miRNA transcription	2	2.0	0.1422759701094548	6722, 4776	100	30	19416	12.944	1.0	0.9620931816590701	0.920563979573067
GOTERM_BP_DIRECT	GO:0009410~response to xenobiotic stimulus	4	4.0	0.14380299529442842	6198, 107, 2890, 1813	100	257	19416	3.021945525291829	1.0	0.9671911135125266	0.9254418568141441
GOTERM_BP_DIRECT	GO:0051602~response to electrical stimulus	2	2.0	0.14665617639435885	2890, 6869	100	31	19416	12.526451612903225	1.0	0.975887641858207	0.9337629954470614
GOTERM_BP_DIRECT	GO:0043407~negative regulation of MAP kinase activity	2	2.0	0.14665617639435885	10636, 348	100	31	19416	12.526451612903225	1.0	0.975887641858207	0.9337629954470614
GOTERM_BP_DIRECT	GO:0001569~branching involved in blood vessel morphogenesis	2	2.0	0.15101423873784497	6722, 4776	100	32	19416	12.135	1.0	0.9891037312096548	0.9464086061214683
GOTERM_BP_DIRECT	GO:0032206~positive regulation of telomere maintenance	2	2.0	0.15101423873784497	4683, 51548	100	32	19416	12.135	1.0	0.9891037312096548	0.9464086061214683
GOTERM_BP_DIRECT	GO:0030878~thyroid gland development	2	2.0	0.15101423873784497	1497, 6722	100	32	19416	12.135	1.0	0.9891037312096548	0.9464086061214683
GOTERM_BP_DIRECT	GO:0045893~positive regulation of DNA-templated transcription	7	7.000000000000001	0.15956304527926235	7158, 348, 55902, 4842, 8856, 814, 2648	100	717	19416	1.8955648535564855	1.0	1.0	0.9576
GOTERM_BP_DIRECT	GO:0099171~presynaptic modulation of chemical synaptic transmission	2	2.0	0.15966437430614583	107, 1813	100	34	19416	11.421176470588236	1.0	1.0	0.9576
GOTERM_BP_DIRECT	GO:0006284~base-excision repair	2	2.0	0.15966437430614583	6117, 51548	100	34	19416	11.421176470588236	1.0	1.0	0.9576
GOTERM_BP_DIRECT	GO:0001662~behavioral fear response	2	2.0	0.16395666751729895	6198, 4204	100	35	19416	11.094857142857144	1.0	1.0	0.9576
GOTERM_BP_DIRECT	GO:0016477~cell migration	4	4.0	0.1656118885736151	6198, 6850, 23237, 5590	100	275	19416	2.8241454545454547	1.0	1.0	0.9576
GOTERM_BP_DIRECT	GO:0007628~adult walking behavior	2	2.0	0.16822725674736186	1497, 1813	100	36	19416	10.786666666666667	1.0	1.0	0.9576
GOTERM_BP_DIRECT	GO:0007095~mitotic G2 DNA damage checkpoint signaling	2	2.0	0.1767037572739098	11073, 4683	100	38	19416	10.218947368421054	1.0	1.0	0.9576
GOTERM_BP_DIRECT	GO:0006508~proteolysis	6	6.0	0.17963885168704902	2679, 2678, 2687, 91227, 4048, 5649	100	586	19416	1.9879863481228668	1.0	1.0	0.9576
GOTERM_BP_DIRECT	GO:0001937~negative regulation of endothelial cell proliferation	2	2.0	0.18090988423129922	348, 240	100	39	19416	9.956923076923077	1.0	1.0	0.9576
GOTERM_BP_DIRECT	GO:0045944~positive regulation of transcription by RNA polymerase II	10	10.0	0.1844031598063417	266743, 7158, 6722, 4776, 4842, 4204, 8856, 1813, 5319, 2648	100	1246	19416	1.5582664526484753	1.0	1.0	0.9576
GOTERM_BP_DIRECT	GO:0009725~response to hormone	2	2.0	0.18509473851499533	6722, 4842	100	40	19416	9.708	1.0	1.0	0.9576
GOTERM_BP_DIRECT	GO:0050850~positive regulation of calcium-mediated signaling	2	2.0	0.18509473851499533	6850, 5621	100	40	19416	9.708	1.0	1.0	0.9576
GOTERM_BP_DIRECT	GO:0045333~cellular respiration	2	2.0	0.18925842662420037	1544, 4776	100	41	19416	9.471219512195123	1.0	1.0	0.9576
GOTERM_BP_DIRECT	GO:0043537~negative regulation of blood vessel endothelial cell migration	2	2.0	0.18925842662420037	348, 4204	100	41	19416	9.471219512195123	1.0	1.0	0.9576
GOTERM_BP_DIRECT	GO:0032733~positive regulation of interleukin-10 production	2	2.0	0.1934010545358907	6850, 5590	100	42	19416	9.245714285714286	1.0	1.0	0.9576
GOTERM_BP_DIRECT	GO:0007405~neuroblast proliferation	2	2.0	0.1934010545358907	4683, 1813	100	42	19416	9.245714285714286	1.0	1.0	0.9576
GOTERM_BP_DIRECT	GO:0035094~response to nicotine	2	2.0	0.1934010545358907	6869, 1813	100	42	19416	9.245714285714286	1.0	1.0	0.9576
GOTERM_BP_DIRECT	GO:0016358~dendrite development	2	2.0	0.1934010545358907	4204, 5649	100	42	19416	9.245714285714286	1.0	1.0	0.9576
GOTERM_BP_DIRECT	GO:0046627~negative regulation of insulin receptor signaling pathway	2	2.0	0.2057036288614055	6198, 5590	100	45	19416	8.629333333333333	1.0	1.0	0.9576
GOTERM_BP_DIRECT	GO:0032259~methylation	3	3.0	0.20572466703891537	1544, 10919, 7172	100	165	19416	3.5301818181818176	1.0	1.0	0.9576
GOTERM_BP_DIRECT	GO:1904646~cellular response to amyloid-beta	2	2.0	0.21380196328893414	6850, 5621	100	47	19416	8.262127659574467	1.0	1.0	0.9576
GOTERM_BP_DIRECT	GO:0018108~peptidyl-tyrosine phosphorylation	2	2.0	0.21380196328893414	6850, 5649	100	47	19416	8.262127659574467	1.0	1.0	0.9576
GOTERM_BP_DIRECT	GO:0042311~vasodilation	2	2.0	0.21380196328893414	348, 4842	100	47	19416	8.262127659574467	1.0	1.0	0.9576
GOTERM_BP_DIRECT	GO:0050885~neuromuscular process controlling balance	2	2.0	0.22181855586386706	4683, 50944	100	49	19416	7.924897959183674	1.0	1.0	0.9576
GOTERM_BP_DIRECT	GO:0007165~signal transduction	10	10.0	0.234271562725291	6198, 10636, 114, 6850, 2890, 8856, 814, 5923, 5319, 5590	100	1326	19416	1.4642533936651583	1.0	1.0	0.9576
GOTERM_BP_DIRECT	GO:0031648~protein destabilization	2	2.0	0.23760977433669722	5621, 51548	100	53	19416	7.326792452830189	1.0	1.0	0.9576
GOTERM_BP_DIRECT	GO:1900087~positive regulation of G1/S transition of mitotic cell cycle	2	2.0	0.23760977433669722	894, 1543	100	53	19416	7.326792452830189	1.0	1.0	0.9576
GOTERM_BP_DIRECT	GO:0048146~positive regulation of fibroblast proliferation	2	2.0	0.23760977433669722	51548, 5319	100	53	19416	7.326792452830189	1.0	1.0	0.9576
GOTERM_BP_DIRECT	GO:0016925~protein sumoylation	2	2.0	0.24150775669600355	55719, 84250	100	54	19416	7.191111111111111	1.0	1.0	0.9576
GOTERM_BP_DIRECT	GO:0031623~receptor internalization	2	2.0	0.24924463180107512	6850, 2890	100	56	19416	6.934285714285715	1.0	1.0	0.9576
GOTERM_BP_DIRECT	GO:0006644~phospholipid metabolic process	2	2.0	0.25308372174156224	5322, 5319	100	57	19416	6.812631578947369	1.0	1.0	0.9576
GOTERM_BP_DIRECT	GO:0071363~cellular response to growth factor stimulus	2	2.0	0.25308372174156224	6198, 4842	100	57	19416	6.812631578947369	1.0	1.0	0.9576
GOTERM_BP_DIRECT	GO:0050890~cognition	2	2.0	0.25690337728151624	1497, 139411	100	58	19416	6.695172413793103	1.0	1.0	0.9576
GOTERM_BP_DIRECT	GO:0090398~cellular senescence	2	2.0	0.25690337728151624	3014, 6722	100	58	19416	6.695172413793103	1.0	1.0	0.9576
GOTERM_BP_DIRECT	GO:0043066~negative regulation of apoptotic process	5	5.0	0.2581860369201578	6198, 894, 1497, 5621, 5590	100	506	19416	1.9185770750988145	1.0	1.0	0.9576
GOTERM_BP_DIRECT	GO:0032024~positive regulation of insulin secretion	2	2.0	0.26070369579731345	6616, 51548	100	59	19416	6.581694915254237	1.0	1.0	0.9576
GOTERM_BP_DIRECT	GO:0060261~positive regulation of transcription initiation by RNA polymerase II	2	2.0	0.2644847741689526	9656, 6722	100	60	19416	6.472	1.0	1.0	0.9576
GOTERM_BP_DIRECT	GO:0007584~response to nutrient	2	2.0	0.2644847741689526	2180, 54658	100	60	19416	6.472	1.0	1.0	0.9576
GOTERM_BP_DIRECT	GO:0030593~neutrophil chemotaxis	2	2.0	0.2644847741689526	6850, 5319	100	60	19416	6.472	1.0	1.0	0.9576
GOTERM_BP_DIRECT	GO:0014070~response to organic cyclic compound	2	2.0	0.27198959573586173	2180, 2648	100	62	19416	6.263225806451612	1.0	1.0	0.9576
GOTERM_BP_DIRECT	GO:0071230~cellular response to amino acid stimulus	2	2.0	0.27941860759520554	22849, 2890	100	64	19416	6.0675	1.0	1.0	0.9576
GOTERM_BP_DIRECT	GO:0048812~neuron projection morphogenesis	2	2.0	0.27941860759520554	4909, 6446	100	64	19416	6.0675	1.0	1.0	0.9576
GOTERM_BP_DIRECT	GO:0043525~positive regulation of neuron apoptotic process	2	2.0	0.28677256781659277	5621, 4776	100	66	19416	5.883636363636364	1.0	1.0	0.9576
GOTERM_BP_DIRECT	GO:0042752~regulation of circadian rhythm	2	2.0	0.28677256781659277	107, 51548	100	66	19416	5.883636363636364	1.0	1.0	0.9576
GOTERM_BP_DIRECT	GO:0030168~platelet activation	2	2.0	0.28677256781659277	6850, 6722	100	66	19416	5.883636363636364	1.0	1.0	0.9576
GOTERM_BP_DIRECT	GO:0007507~heart development	3	3.0	0.2904477471538477	6722, 4776, 2648	100	210	19416	2.7737142857142856	1.0	1.0	0.9576
GOTERM_BP_DIRECT	GO:0031507~heterochromatin formation	2	2.0	0.29766442611707655	3014, 4204	100	69	19416	5.627826086956522	1.0	1.0	0.9576
GOTERM_BP_DIRECT	GO:0033138~positive regulation of peptidyl-serine phosphorylation	2	2.0	0.30125832811075054	4909, 4842	100	70	19416	5.547428571428572	1.0	1.0	0.9576
GOTERM_BP_DIRECT	GO:0071466~cellular response to xenobiotic stimulus	2	2.0	0.30125832811075054	5621, 10919	100	70	19416	5.547428571428572	1.0	1.0	0.9576
GOTERM_BP_DIRECT	GO:0032922~circadian regulation of gene expression	2	2.0	0.3048340246466531	51548, 1813	100	71	19416	5.469295774647888	1.0	1.0	0.9576
GOTERM_BP_DIRECT	GO:0006898~receptor-mediated endocytosis	2	2.0	0.30839160704697327	3949, 348	100	72	19416	5.3933333333333335	1.0	1.0	0.9576
GOTERM_BP_DIRECT	GO:0009791~post-embryonic development	2	2.0	0.3119311661446367	1544, 4204	100	73	19416	5.319452054794521	1.0	1.0	0.9576
GOTERM_BP_DIRECT	GO:0007268~chemical synaptic transmission	3	3.0	0.32988794310796754	2890, 139411, 6616	100	231	19416	2.5215584415584416	1.0	1.0	0.9576
GOTERM_BP_DIRECT	GO:0018105~peptidyl-serine phosphorylation	2	2.0	0.3362109626516614	6198, 5590	100	80	19416	4.854	1.0	1.0	0.9576
GOTERM_BP_DIRECT	GO:0000082~G1/S transition of mitotic cell cycle	2	2.0	0.33960955154340633	6198, 894	100	81	19416	4.794074074074074	1.0	1.0	0.9576
GOTERM_BP_DIRECT	GO:0071333~cellular response to glucose stimulus	2	2.0	0.33960955154340633	114, 6722	100	81	19416	4.794074074074074	1.0	1.0	0.9576
GOTERM_BP_DIRECT	GO:0001933~negative regulation of protein phosphorylation	2	2.0	0.33960955154340633	5621, 1813	100	81	19416	4.794074074074074	1.0	1.0	0.9576
GOTERM_BP_DIRECT	GO:0045727~positive regulation of translation	2	2.0	0.3429909145788692	6198, 22849	100	82	19416	4.735609756097562	1.0	1.0	0.9576
GOTERM_BP_DIRECT	GO:0051726~regulation of cell cycle	3	3.0	0.34477331310640075	4683, 5621, 2648	100	239	19416	2.437154811715481	1.0	1.0	0.9576
GOTERM_BP_DIRECT	GO:0000122~negative regulation of transcription by RNA polymerase II	7	7.000000000000001	0.36319115464849094	22849, 4776, 4204, 10919, 8856, 51548, 2648	100	958	19416	1.4187056367432151	1.0	1.0	0.9576
GOTERM_BP_DIRECT	GO:0051091~positive regulation of DNA-binding transcription factor activity	2	2.0	0.3661853379541062	7158, 6722	100	89	19416	4.36314606741573	1.0	1.0	0.9576
GOTERM_BP_DIRECT	GO:0017148~negative regulation of translation	2	2.0	0.39792063702205693	22849, 10394	100	99	19416	3.9224242424242424	1.0	1.0	0.9576
GOTERM_BP_DIRECT	GO:0016042~lipid catabolic process	2	2.0	0.41016969371467527	5322, 5319	100	103	19416	3.770097087378641	1.0	1.0	0.9576
GOTERM_BP_DIRECT	GO:0006869~lipid transport	2	2.0	0.41016969371467527	3949, 348	100	103	19416	3.770097087378641	1.0	1.0	0.9576
GOTERM_BP_DIRECT	GO:0006606~protein import into nucleus	2	2.0	0.4251346213766968	6850, 51548	100	108	19416	3.5955555555555554	1.0	1.0	0.9576
GOTERM_BP_DIRECT	GO:0006874~intracellular calcium ion homeostasis	2	2.0	0.43101479892976324	348, 1813	100	110	19416	3.530181818181818	1.0	1.0	0.9576
GOTERM_BP_DIRECT	GO:0007169~cell surface receptor protein tyrosine kinase signaling pathway	2	2.0	0.43101479892976324	6850, 4909	100	110	19416	3.530181818181818	1.0	1.0	0.9576
GOTERM_BP_DIRECT	GO:0071356~cellular response to tumor necrosis factor	2	2.0	0.43393252060651377	6517, 2648	100	111	19416	3.498378378378378	1.0	1.0	0.9576
GOTERM_BP_DIRECT	GO:0032760~positive regulation of tumor necrosis factor production	2	2.0	0.442597113780851	6850, 4776	100	114	19416	3.4063157894736844	1.0	1.0	0.9576
GOTERM_BP_DIRECT	GO:0042632~cholesterol homeostasis	2	2.0	0.445456034393903	3949, 348	100	115	19416	3.3766956521739133	1.0	1.0	0.9576
GOTERM_BP_DIRECT	GO:0001764~neuron migration	2	2.0	0.44830043896563593	6722, 5649	100	116	19416	3.3475862068965516	1.0	1.0	0.9576
GOTERM_BP_DIRECT	GO:0019722~calcium-mediated signaling	2	2.0	0.4539459914354902	6850, 2890	100	118	19416	3.2908474576271187	1.0	1.0	0.9576
GOTERM_BP_DIRECT	GO:0051092~positive regulation of NF-kappaB transcription factor activity	2	2.0	0.4650660896595222	5319, 5590	100	122	19416	3.182950819672131	1.0	1.0	0.9576
GOTERM_BP_DIRECT	GO:0010976~positive regulation of neuron projection development	2	2.0	0.4678109044561403	348, 5649	100	123	19416	3.1570731707317075	1.0	1.0	0.9576
GOTERM_BP_DIRECT	GO:0010629~negative regulation of gene expression	3	3.0	0.4774775795250873	3949, 348, 4204	100	314	19416	1.855031847133758	1.0	1.0	0.9576
GOTERM_BP_DIRECT	GO:0007200~phospholipase C-activating G protein-coupled receptor signaling pathway	2	2.0	0.4786514384451993	6869, 1813	100	127	19416	3.0576377952755904	1.0	1.0	0.9576
GOTERM_BP_DIRECT	GO:0031175~neuron projection development	2	2.0	0.4813272385250965	348, 5923	100	128	19416	3.03375	1.0	1.0	0.9576
GOTERM_BP_DIRECT	GO:0016525~negative regulation of angiogenesis	2	2.0	0.49709891645350673	4204, 240	100	134	19416	2.8979104477611943	1.0	1.0	0.9576
GOTERM_BP_DIRECT	GO:0006338~chromatin remodeling	6	6.0	0.504225556813317	6198, 6850, 6446, 51548, 440275, 2648	100	917	19416	1.2704034896401308	1.0	1.0	0.9576
GOTERM_BP_DIRECT	GO:0000278~mitotic cell cycle	2	2.0	0.5048057793882715	10636, 55270	100	137	19416	2.8344525547445256	1.0	1.0	0.9576
GOTERM_BP_DIRECT	GO:0007204~positive regulation of cytosolic calcium ion concentration	2	2.0	0.5272317792684427	114, 6869	100	146	19416	2.6597260273972605	1.0	1.0	0.9576
GOTERM_BP_DIRECT	GO:0042127~regulation of cell population proliferation	2	2.0	0.5368733341047566	5321, 6446	100	150	19416	2.5888	1.0	1.0	0.9576
GOTERM_BP_DIRECT	GO:0050728~negative regulation of inflammatory response	2	2.0	0.5392531503461064	348, 240	100	151	19416	2.571655629139073	1.0	1.0	0.9576
GOTERM_BP_DIRECT	GO:0007189~adenylate cyclase-activating G protein-coupled receptor signaling pathway	2	2.0	0.5439765258313498	114, 107	100	153	19416	2.538039215686275	1.0	1.0	0.9576
GOTERM_BP_DIRECT	GO:0007010~cytoskeleton organization	2	2.0	0.5486519634689264	348, 23237	100	155	19416	2.5052903225806453	1.0	1.0	0.9576
GOTERM_BP_DIRECT	GO:0008104~protein localization	2	2.0	0.5555762886789135	4204, 1813	100	158	19416	2.457721518987342	1.0	1.0	0.9576
GOTERM_BP_DIRECT	GO:0140588~chromatin looping	2	2.0	0.5757245322015723	55719, 84250	100	167	19416	2.3252694610778444	1.0	1.0	0.9576
GOTERM_BP_DIRECT	GO:0010467~gene expression	2	2.0	0.5822375625324687	348, 4204	100	170	19416	2.284235294117647	1.0	1.0	0.9576
GOTERM_BP_DIRECT	GO:0006897~endocytosis	2	2.0	0.6173181537141903	3949, 23237	100	187	19416	2.076577540106952	1.0	1.0	0.9576
GOTERM_BP_DIRECT	GO:0030336~negative regulation of cell migration	2	2.0	0.6192883811406676	6722, 1813	100	188	19416	2.065531914893617	1.0	1.0	0.9576
GOTERM_BP_DIRECT	GO:0043410~positive regulation of MAPK cascade	2	2.0	0.628989901712673	6850, 1813	100	193	19416	2.012020725388601	1.0	1.0	0.9576
GOTERM_BP_DIRECT	GO:0001934~positive regulation of protein phosphorylation	2	2.0	0.6476647000612031	894, 5649	100	203	19416	1.912906403940887	1.0	1.0	0.9576
GOTERM_BP_DIRECT	GO:0008285~negative regulation of cell population proliferation	3	3.0	0.6538739376107148	6722, 51548, 1813	100	435	19416	1.3390344827586207	1.0	1.0	0.9576
GOTERM_BP_DIRECT	GO:0007420~brain development	2	2.0	0.6584197172729189	1497, 5649	100	209	19416	1.8579904306220094	1.0	1.0	0.9576
GOTERM_BP_DIRECT	GO:0002250~adaptive immune response	3	3.0	0.6986466552731835	6850, 814, 440275	100	473	19416	1.2314587737843552	1.0	1.0	0.9576
GOTERM_BP_DIRECT	GO:0006366~transcription by RNA polymerase II	2	2.0	0.7090188580181315	6722, 4776	100	240	19416	1.618	1.0	1.0	0.9576
GOTERM_BP_DIRECT	GO:0042981~regulation of apoptotic process	2	2.0	0.7090188580181315	348, 6446	100	240	19416	1.618	1.0	1.0	0.9576
GOTERM_BP_DIRECT	GO:0010468~regulation of gene expression	2	2.0	0.7105211073371289	1544, 5649	100	241	19416	1.611286307053942	1.0	1.0	0.9576
GOTERM_BP_DIRECT	GO:0007283~spermatogenesis	3	3.0	0.7212936737745517	2678, 91227, 3014	100	494	19416	1.1791093117408906	1.0	1.0	0.9576
GOTERM_BP_DIRECT	GO:0010628~positive regulation of gene expression	3	3.0	0.7325813158038942	3949, 2890, 8856	100	505	19416	1.1534257425742573	1.0	1.0	0.9576
GOTERM_BP_DIRECT	GO:0008284~positive regulation of cell population proliferation	3	3.0	0.738575177582995	894, 5319, 5590	100	511	19416	1.1398825831702544	1.0	1.0	0.9576
GOTERM_BP_DIRECT	GO:0051301~cell division	2	2.0	0.8615764492993543	10636, 894	100	383	19416	1.0138903394255876	1.0	1.0	0.9576
GOTERM_BP_DIRECT	GO:0030154~cell differentiation	3	3.0	0.8697924293042528	266743, 6850, 8856	100	687	19416	0.8478602620087335	1.0	1.0	0.9576
GOTERM_BP_DIRECT	GO:0007155~cell adhesion	2	2.0	0.9401169571216383	9486, 5649	100	543	19416	0.7151381215469613	1.0	1.0	0.9576
GOTERM_BP_DIRECT	GO:0045087~innate immune response	2	2.0	0.9463818647922495	6850, 9867	100	564	19416	0.6885106382978723	1.0	1.0	0.9576
GOTERM_BP_DIRECT	GO:0045892~negative regulation of DNA-templated transcription	2	2.0	0.949132609796841	4204, 8856	100	574	19416	0.6765156794425087	1.0	1.0	0.9576
GOTERM_BP_DIRECT	GO:0006915~apoptotic process	2	2.0	0.9600910676913298	6198, 6446	100	620	19416	0.6263225806451613	1.0	1.0	0.9600910676913298
GOTERM_BP_DIRECT	GO:0007186~G protein-coupled receptor signaling pathway	2	2.0	0.9925841107533622	10636, 348	100	936	19416	0.4148717948717949	1.0	1.0	0.9925841107533622
GOTERM_BP_DIRECT	GO:0006355~regulation of DNA-templated transcription	2	2.0	0.9933755905769492	8856, 2648	100	957	19416	0.4057680250783699	1.0	1.0	0.9933755905769492
GOTERM_BP_DIRECT	GO:0006357~regulation of transcription by RNA polymerase II	3	3.0	0.9989347231096022	266743, 4776, 2648	100	1721	19416	0.33845438698431146	1.0	1.0	0.9989347231096022
