1000
10016
10370
10371
10500
10501
10505
10507
10509
10512
124540
157506
182
1906
1908
1909
1910
1947
202018
2022
2066
223117
2247
2296
2303
2335
2348
23603
2637
2668
29072
30812
3084
3091
3280
3357
340665
3670
3911
4254
4902
5080
5308
54437
54910
553115
55698
5594
5595
56920
57556
57715
5788
58495
59349
596
5979
6405
64218
6469
652
655
657
6591
65979
6608
6662
6663
6899
6949
7291
7476
7869
80031
83989
84541
8482
8828
8829
8854
8929
90
9037
9221
9464
9723
998
10365
10626
1488
1592
171023
2146
22938
23019
23532
56603
7181
811
8644
9249
9745
112476
23176
23339
23355
27072
29091
55823
57617
64601
65082
6622
6812
84079
9392
10039
11073
25900
27336
3014
4683
51548
55719
5884
6117
7158
7518
83695
84250
9656
10273
10645
10715
11315
25793
27102
291
292
3064
345611
5071
55187
55626
64127
664
7319
7416
9812
1429
1543
1544
1548
1555
1557
1558
1559
1564
1565
1576
1577
2180
2329
2944
2946
2947
2948
30
4842
54658
55270
7172
8856
9446
11076
1272
20
200576
2068
23136
23405
26011
2817
287
3691
400746
4099
4336
5376
54468
64398
7097
7368
8443
8506
8898
928
9896
