84326
4103
203054
134391
2903
762
5903
84541
27177
4001
3617
2689
91754
2661
4360
5336
100505576
80125
4818
139135
1660
92140
7936
55749
84191
10491
92949
3440
5414
9553
10272
57224
55631
27164
392517
7026
63928
29991
5378
820
25871
57506
9762
2968
51450
219990
50619
56943
778
1499
4759
2774
4905
353333
60676
6445
54845
10884
3606
353091
1510
200205
390195
11320
5684
139599
79147
348
146562
95
23506
3425
55801
23593
3038
10219
6191
113510
2997
2857
10499
23412
6291
246175
340596
642515
2641
26232
3707
27152
9397
815
2063
7965
64097
29080
1573
51317
60488
55107
