3769
341567
341152
768239
80821
3758
1010
30849
11211
3633
414152
5534
441873
30
57055
164312
23370
138162
79923
64077
4627
729428
339479
23645
9588
26548
10229
3430
23261
3744
353332
4832
201299
23386
55860
9933
252969
5863
6924
55175
11167
10139
79888
158835
152559
54921
51454
91039
133396
126
10143
51596
84070
10238
5920
219982
9475
339403
6263
728911
26333
5872
81606
3024
23344
115704
81792
27143
149998
79722
26045
4650
390748
27165
390442
22907
940
84059
340654
151176
399947
63904
57624
993
23788
5905
284611
5467
9318
2595
6281
6474
818
745
81616
10973
6136
2068
84545
1965
