283927
7975
1607
5209
945
170487
119692
3780
23431
3596
5279
23317
6462
646174
83901
285180
8567
84662
55328
55599
116832
80343
84517
79075
6261
55635
4147
81193
8608
5444
9786
552
221091
1508
27189
1058
51121
5745
440585
117159
128821
2584
84433
100129128
4493
387837
958
10939
27115
25766
10398
26287
9227
56882
58515
2521
25814
116033993
128371
4331
2170
353139
390874
22976
4597
138307
6170
347731
1359
1880
9293
80119
152007
4619
6362
26298
137994
375444
4695
25805
55316
79935
51314
25804
284110
10501
441911
400757
115
6297
11148
84317
5553
83478
401994
23225
7844
6337
554
8500
27236
63899
896
1
114905
5912
285601
53829
54112
4286
7080
255308
83987
55017
27319
4829
10450
1869
84248
84142
55033
8629
103
3146
55094
57092
54583
528
4337
26994
8994
11047
23604
64137
79607
79981
54627
51400
84668
54557
5796
140689
10466
2204
27074
4696
11100
9641
150709
84890
1198
3216
135927
116254
4152
148808
84061
55534
337959
85462
128077
378949
4814
26580
352909
150678
10023
284382
164284
2571
84264
79774
247
58511
29116
3385
3127
64746
80022
57562
338324
51316
267012
64693
126205
8490
101410538
10489
284739
2537
134549
23553
403244
9716
8516
10584
163732
80023
314
64784
