646174
9355
25801
345274
283463
408050
10633
6509
50509
924
2889
1359
60370
57019
4501
56244
1770
84707
9759
27023
401387
79906
26762
6294
344558
9833
9656
57402
57509
57707
201255
10424
4507
388633
9556
9520
143496
55589
2568
51266
282969
10765
448835
25791
112483
324
130013
100008586
64710
23338
114799
2920
6262
682
150350
84867
2652
57481
5571
80223
7799
57502
1952
9350
55691
2769
5364
221662
60673
11043
3696
101059918
55140
51686
10797
10256
11015
51138
80709
440163
7855
657
83855
192286
54754
311
2683
64921
8915
54857
11321
55701
9538
728062
64787
3269
341032
5029
84648
388336
5009
65117
10003
3882
113802
200916
2101
8642
55327
4791
378925
23439
81606
25974
92140
340096
9767
3891
27336
51659
105372280
594
27123
387836
654463
2782
254910
94059
4889
100288332
5886
127534
4987
57876
81890
10227
344758
28511
144193
5164
4863
4690
25943
2186
3169
110806297
1655
55879
80346
200894
29952
9370
283849
83538
126129
221749
65250
345930
387923
10226
143471
83858
54555
146845
4716
1143
54623
55743
64922
27079
90480
22866
3577
374897
2322
1140
390667
130888
1294
10807
375033
3074
3032
58493
727
81431
5883
55693
647589
80167
283987
5493
2688
55588
2705
4654
23162
8985
3487
3091
153478
79324
898
27018
23541
5949
121441
4188
5581
222236
246181
6546
1446
10491
54845
400735
4199
10152
5295
55869
64084
440804
23246
113451
1271
23070
152137
55022
5563
55781
10672
254042
56261
6230
22929
253558
4881
23176
6376
3236
128240
79923
374907
3021
23762
353140
200350
4496
50855
9637
7920
3822
55709
219958
337968
101929355
4586
10462
136647
2926
221927
476
3069
84284
7841
9210
841
135154
2623
29992
84517
9903
2215
845
124454
8634
4739
202333
9639
11135
2596
2046
151648
338440
5452
64949
8513
387597
9813
6332
55308
5121
255189
150696
51455
442186
9132
4121
258
8516
9051
89790
728858
5534
54939
284058
57822
57110
150864
55529
81932
100287284
84312
1389
9693
11036
5037
2301
29117
124599
80243
1396
388389
119764
51265
6534
400120
10144
196264
6009
1048
4704
84293
84223
290
57495
57030
219844
11281
389362
256302
221443
10507
22859
10130
4122
1548
783
650
80071
157807
728279
265
84448
100132399
80380
81469
135
374383
260293
5569
117285
55571
23262
1329
4062
64925
346517
92815
645432
55837
6900
389677
55323
8639
155465
54985
974
3155
2135
482
2706
199699
9293
636
51287
113791
8788
7260
9343
941
119749
54602
705
3965
4685
4839
57575
84908
164127
8648
386683
51232
151516
8731
649238
55643
80742
112939
727832
483
196051
275
23244
145497
118980
100820829
25912
57650
23007
1514
2314
3745
340595
81328
2150
10585
6414
5256
5104
1178
64789
10370
56547
8992
94101
4253
23545
23765
51614
2876
126541
51447
135924
391194
64422
238
8907
339834
137797
5106
100130520
81
127540
84616
139135
344658
65217
4172
64855
220082
3592
43
3384
26227
925
416
26033
57554
8649
136332
27085
56243
498
154664
79927
8436
139322
9074
2733
115795
115330
390648
25898
112268164
390059
3888
359710
401409
23463
221914
5161
29105
221336
2997
23670
113189
51148
6152
1233
