642597
23109
5706
10094
23593
9852
284018
1773
284383
63974
55696
164284
158405
5598
55326
51233
165257
112441435
2350
55288
440435
8462
647042
9758
5272
100506742
2215
728042
9945
369
84514
7180
441315
25764
56884
337966
3400
5329
162333
23089
84967
2740
3843
284525
83795
140461
81565
116151
8864
353143
10154
79738
84302
79541
56920
64145
5692
5501
8534
120227
80169
55651
51361
84932
53940
84542
83461
26168
5578
55690
6224
3268
245910
6392
4504
727857
9520
5092
57502
11163
27314
142685
57826
80344
644844
112939
284716
257160
56005
55211
256586
3172
219988
55567
56301
374872
3012
10904
189
162417
