6546
1413
102725191
26998
55758
6144
54921
728042
3009
10539
6182
3043
9949
4852
10969
4900
222389
9550
9150
7732
341567
403278
386685
4199
26065
2690
124936
8000
102724657
4675
56948
5165
51065
79646
2784
26585
359845
100506164
23708
5424
51150
3228
8856
4148
54780
5371
79095
89891
51263
54329
55168
10917
345456
2879
150159
1294
10916
266675
55500
22794
57619
101928147
55716
130535
23360
22921
122876
122042
4153
10256
4853
10325
23529
54893
254910
50939
1410
1973
2170
56672
231
104
79147
4496
121260
1307
2052
54935
1896
55554
2245
152137
126306
11034
221830
10082
112577461
25864
489
3347
121441
118856
25938
10087
56606
11007
143678
4973
83992
55614
79864
79369
25843
9689
4163
65977
6523
6311
8934
1938
54511
26085
102723547
26285
134187
5693
65997
25764
1846
54922
9781
201161
283297
59307
653857
8881
55194
10642
149699
151056
28990
2939
1063
55860
5080
57104
161829
79709
8434
4689
2006
1829
221955
222235
114880
64600
283726
6527
6195
56683
57407
8445
3587
8411
136332
80199
139212
26093
10179
22924
6102
60561
79812
873
144100
26249
83986
8366
578
26035
80144
5073
9489
23176
4066
5444
9824
8639
51291
977
55011
22872
26094
151835
55727
148823
56956
2747
29940
57167
