9454
2086
23175
170384
51678
79635
8840
496
80122
23165
5654
3575
9172
2255
6998
9252
55703
55213
8431
27238
79077
23597
230
11173
5196
84895
10135
3482
2854
64802
5431
55095
9701
8293
267004
150221
353145
80311
79899
27115
6385
5531
3512
26580
81553
84142
79269
51473
51141
8938
54763
152816
4830
11015
30817
283450
91949
128869
139231
494513
29028
1114
8821
3596
5796
12
8601
93183
2786
58510
64218
166968
220108
166012
29942
54988
55957
55179
23229
100506049
84870
22826
5754
9997
3849
55093
143888
91056
9842
10371
25920
127608
387715
51018
8292
8370
84692
57188
285093
124583
79944
80233
10286
5157
128864
84962
127068
1284
22979
137814
11243
9869
5729
6498
283297
109729126
653643
161835
80115
4204
283008
7841
57758
154810
130367
63874
3399
1455
22880
83481
283080
6205
55779
8851
10738
9730
3046
150468
51317
219952
866
126410
364
440107
6448
10363
402569
57664
5704
26260
9546
55143
199720
5832
10627
26259
409
3487
110117498
84274
54766
493753
22836
9488
101060233
729966
8448
2053
391356
84331
185
5025
5950
79713
57531
6303
58516
2521
27294
337976
728458
27143
112441428
9604
151963
3451
84779
8815
11103
54101
8491
51070
3275
552
51806
5134
199786
3767
54973
5456
285800
122416
64410
730755
388272
65057
5154
63905
3977
85444
3159
283162
392307
65263
566
440435
81341
23539
2321
340485
81578
64902
64795
51373
8968
93487
2696
22932
26341
51421
143496
23034
23612
10261
126567
5119
1133
9946
9862
6335
285195
9796
284361
9545
80831
84955
9904
10223
56965
2596
3993
84236
9056
387763
4585
85443
2765
5577
958
26960
253012
7965
23129
25764
646262
219875
55616
6193
1600
911
53981
105371242
79767
1017
23616
51206
9466
56475
374946
390433
55288
102724536
10207
5535
57010
138804
258
6550
701
8930
10268
57798
79152
29107
146712
6624
4342
55799
55593
94103
131583
4803
23143
3624
403277
64843
143879
79697
597
400506
129881
221476
219
5860
25763
57148
133060
1263
9955
51274
3883
1558
6508
9047
84433
140894
26292
9248
4696
9994
388555
51278
219968
55892
51374
80712
914
65220
340602
79789
7071
25841
92922
1401
375612
84444
79544
8339
6455
79828
3306
337963
1602
280
22944
593
54874
26873
83787
90861
10949
55201
10922
971
2633
2035
84271
91663
90161
23151
439996
144568
23770
212
29965
10768
3673
64097
93663
136
122060
6782
79346
27185
57175
81544
1444
5296
1902
414332
79903
6168
25805
2688
84181
57574
55175
629
130271
642475
51012
91452
79888
1314
3570
83463
158067
84913
54933
55222
9965
392517
403273
1235
3795
117134598
11083
3855
8029
55209
143098
80152
57467
129401
27163
84707
84648
57545
253559
9122
1584
5049
374308
10657
64446
79832
120863
65979
5295
4846
3934
115795
8581
6906
3628
220296
54813
286148
121643
5568
128817
2999
55571
112703
10950
1418
8739
57493
4190
378807
80173
91862
10160
1192
51602
3911
1734
115557
91050
130355
94033
10491
163404
54831
778
4907
26253
260425
5329
6519
5625
84522
84326
54982
26135
1503
3352
26257
4490
25874
9118
1629
79648
6406
442361
221150
84529
4589
56253
110599588
