11269
3918
2570
2248
149297
920
645651
1006
124773
55501
57545
157313
391356
11021
466
414157
5565
51023
2846
122786
90362
2717
9439
6538
55298
60482
8292
3673
9436
8630
60626
144245
64285
3204
3952
8036
51669
5454
58497
378948
203076
522
94030
51802
63916
1259
353323
259215
9510
5364
347273
64778
11158
158293
79665
113189
10627
55282
9896
8620
5502
9637
2081
956
255877
4594
4654
54536
26610
94137
10565
6506
10332
3384
64398
1845
83401
83594
1364
22905
2864
4239
284018
353145
22914
85403
79849
27185
640
644041
55670
260429
83544
197
1841
54894
1495
11149
1519
54540
