25895
55274
221303
181
56256
55701
84109
80224
84978
390061
51287
729428
323
51496
79092
2702
1464
56117
2850
5930
10966
392391
4355
3892
8856
25957
84281
645425
3443
55295
101928147
219968
11151
339804
79269
729330
56605
347730
4139
1605
10423
8502
10616
202134
253190
6383
9931
11072
3242
2769
283579
25766
55285
23011
389541
4825
9551
2140
4318
11196
2894
10438
1489
1281
350383
55937
126308
101928601
115677
5780
283987
1553
4790
10008
1731
134147
11258
9491
1013
283111
3704
29118
23205
390064
396
92170
23062
9976
27329
57162
341567
3430
127255
348174
201725
56341
57650
56261
84320
54436
115701
5455
388633
440073
9821
9683
4902
9836
23276
3903
119180
83475
7681
58484
2028
348932
10261
7879
64080
400736
55227
196528
26
126370
10949
131096
8811
729447
64343
3785
401944
440829
83992
26020
1638
768211
9536
147463
3589
645
5119
3958
55798
85293
5997
9955
4705
79924
5595
84376
6500
909
6346
6147
5536
4313
6992
22908
28986
4942
2186
3238
140801
9811
5805
64981
81502
116173
142679
54676
257106
4931
256949
91653
63951
219873
1954
347862
339175
84342
5715
84892
55704
57657
100288801
407
91464
54848
9951
2891
26112
11154
441315
2215
280636
148753
114824
84334
2056
442867
