399818
1877
5479
148223
340156
1730
6259
5995
1390
3313
137682
390441
400757
79058
283106
9729
5529
10458
3207
3373
238
8862
642799
2823
27243
51363
3304
10857
4355
23612
163404
11057
55212
340784
51266
1358
3663
9801
139212
26097
9807
9562
339855
9074
158506
431704
92340
100132304
445328
64866
338755
2170
6317
55969
4601
3167
9653
254102
10487
10640
84967
2894
10842
1607
389677
10521
101928603
84889
81563
2744
140836
245932
10526
100505705
5795
284541
26153
83697
27151
25798
1545
140766
474354
136319
80381
146853
4142
4998
10591
387856
284697
54778
54700
10849
27429
55094
117583
10157
5968
80216
63946
3973
2947
5540
317
23067
5261
388533
164045
79923
5737
9110
23499
4209
284098
8648
10215
5354
79072
3624
30816
64762
219956
11136
10555
137075
5020
286
83858
6508
6164
2642
4665
23639
9971
84315
1473
164633
285095
27043
11213
130367
90673
116442
200726
2214
399665
728255
3615
117246
6423
57582
129831
8318
51428
9568
642938
27
337882
80341
56478
80321
80343
54734
3485
9159
2874
2633
51501
84698
3550
100131137
11316
131149
27147
4902
55651
101928527
103
23019
5321
729330
80045
344892
54742
440153
493860
140683
284348
91775
64319
79912
4502
283152
122319436
2266
978
27328
10765
57472
645572
10298
30848
55666
168537
6141
147872
343521
5581
8590
415116
91614
2121
4515
54943
139716
5828
673
390243
728734
941
127062
24
9445
51283
55140
114800
127281
399693
79269
149473
55327
55352
3512
1290
84296
100996521
55793
523
145497
9421
28956
148789
4052
3698
57801
2249
83714
3820
51258
84932
157506
6247
53
7798
128178
4343
66005
389941
133060
390144
1397
128240
92291
8910
10945
9904
3336
390792
257019
10219
6241
53834
55681
4054
55248
79819
53336
266675
51585
4487
441495
390321
10827
242
280636
283985
51700
29950
3631
118663
1673
26012
3397
8701
79334
29967
121260
159090
8634
146909
79065
340811
5768
388419
6389
3444
2983
63874
4690
146325
896
55013
121273
162681
152518
22844
284252
54813
5432
6991
57545
342538
25847
10815
54511
126626
23218
23114
57648
104
6344
346
57110
1777
135138
8351
158067
160897
91754
1912
10916
1734
3216
2830
9564
204801
27237
5155
23625
5025
23362
5649
23601
105375795
8550
9377
55041
2331
4050
92906
23536
5037
339231
389524
23560
26269
7080
78991
4061
205147
1557
120227
59336
1088
93622
222194
55107
177
81577
5216
64184
285093
752
440107
9744
6327
4741
8824
196051
57501
54839
1350
26245
554282
116150
2259
1977
57613
84894
54627
25932
344561
284
388327
54905
1130
64231
11196
126306
5965
64849
51386
3049
3445
23498
63920
9934
653269
5955
9937
360205
81565
167691
5861
284018
602
64080
214
55785
3047
84726
506
1104
440533
22950
83482
26279
3553
26147
10410
57614
441581
2213
221613
5922
285423
5824
1136
10239
51319
776
118427
81797
22901
7869
2849
57530
55830
10990
340745
10004
157313
10459
2621
83478
55970
110806296
55840
123103
79993
84515
3123
441331
84552
11151
55022
9254
10956
56990
55572
390502
10644
55507
8621
6398
9884
11245
3198
115908
9245
57121
170591
2966
3293
995
203430
26121
4868
9847
