10184
128371
401207
51241
10026
50614
3354
388
10627
10916
54888
10648
274
5692
122769
374286
51062
9847
152217
112611
5718
195814
30844
57479
340745
9788
2773
137964
5159
390010
752
654346
143678
11062
4729
79733
442721
79180
57481
3190
11099
NA
89782
164045
3557
340562
125170
10950
378925
138803
130576
9886
401665
729230
132989
399968
688
5261
89822
9738
4329
54828
2195
221656
91687
145741
10650
23764
4018
1340
130589
28996
54956
6142
54504
79665
10457
79958
105371267
594857
83888
1813
5893
81610
6184
343169
84084
378884
10940
83648
6285
55108
439921
8840
92483
222236
390181
3394
6503
100132386
