64579
57572
63920
389123
196541
7849
1265
3760
9520
100996763
2697
6343
164045
474383
55288
23258
6529
151011
6447
5106
90701
100288842
116143
100287045
201973
54777
57456
27443
441669
148229
85377
100130827
5627
89848
1933
23165
5175
8857
94033
23601
4128
79760
1438
390197
51068
130576
6003
9711
100506127
51244
84340
157697
284434
2968
51659
284805
1734
2976
9426
84456
55095
10133
6305
8536
728464
79083
3061
8175
80298
924
84705
51738
3960
5581
26275
10849
257629
390067
645037
5504
50846
203054
390205
55051
728833
55752
348303
8318
10489
4618
9632
221002
339829
158297
3895
7975
431705
83451
255626
79081
1179
123775
8612
4254
57157
24146
134218
414189
54905
26584
4622
140886
51603
5506
2840
1012
2901
25998
6017
9672
1830
2531
8492
131450
94027
400746
29760
940
134145
57481
175
5152
57685
4616
9368
84182
374872
390259
79618
54836
256006
399818
4204
51762
5271
1538
57048
24142
23464
1045
9533
441150
3645
548645
100505591
1950
2296
150280
26280
79590
27125
140460
2981
79937
57016
55086
8273
9820
10385
11096
10081
80271
8817
388555
58508
142689
5685
779
8411
400581
23228
54625
3769
10410
157807
10136
390429
343071
101060211
4297
25797
10101
120776
3005
26269
26240
79544
10980
116534
9682
