91662
5655
728637
337966
49
79081
3199
58508
59343
112802
256281
4633
3841
118611
64949
541466
80143
100132994
8836
221150
2779
127707
79885
653656
254102
5743
3818
729359
80324
10150
23181
10589
23595
23117
9531
26469
353323
22829
140688
112441431
728492
56301
3359
25981
340526
9526
92737
85443
84063
122509
23654
3892
390992
389857
51726
84306
9051
64780
89932
57037
6499
64446
3672
28
389792
3725
26548
27
55679
3659
157313
138151
8347
337967
473
5284
58498
155465
53
114876
344758
5716
83695
8772
8226
3251
135152
257202
1369
5724
8788
10721
5426
55844
57619
6258
8263
4731
4142
346525
84666
5535
57085
54852
3015
161247
54039
2295
200373
9170
246181
5636
159686
3950
9034
8192
2073
51776
79820
5863
286380
1723
4580
27190
1300
57536
51237
4616
286362
222484
26084
10956
26088
54461
971
390433
114784
84311
57655
3059
2800
29086
23332
64756
138307
2691
55103
23426
51286
56204
337882
4902
79050
29094
2004
90362
105376752
8365
90353
201232
760
22920
57326
9415
55862
1454
51450
8726
151050
84871
55195
54918
23657
26538
646174
6406
1508
401097
10594
285761
9208
9586
8548
54913
407
23155
10598
2778
763
51234
54910
170685
3008
952
26047
2550
51202
9625
3889
27154
57724
644414
5324
1539
6191
9774
10424
10993
26586
2028
54887
3565
57149
5520
8693
79047
2327
4234
5947
5460
386653
9159
8907
57479
339778
9181
391002
23568
9282
3419
10288
89884
60625
121601
338376
6181
55711
5673
641517
314
27352
3988
11057
128178
131375
2298
79623
55872
113622
9645
90865
64968
10344
321
219954
56477
442191
10428
23545
79827
285
374286
391194
400735
85366
392392
27232
3977
4253
10207
6201
253738
166979
54951
59344
79153
9956
10066
219771
5573
362
1401
84437
200933
910
25890
57561
93611
9050
116986
100271927
401474
642658
192666
144423
441518
29995
5997
107987155
9759
54505
23198
100820829
144811
391189
2574
23135
113179
54785
6154
91523
9609
728226
710
83881
797
387263
115704
153745
54617
9679
163154
9025
284099
3009
9131
65217
245812
146894
10136
2110
8411
3913
10235
5678
6445
5166
84560
81631
2776
55631
84759
91748
84266
2738
26960
78989
9926
2124
51575
114905
79814
90957
100507607
120237
51105
4608
727957
8338
57589
23271
128869
1262
55219
26589
27086
482
22809
171483
6447
11027
3486
641455
338699
196472
2549
122665
40
57453
158747
2538
8690
441519
827
4793
4495
339123
2713
23392
64224
122945
91057
284111
342510
84417
64236
9610
5017
5500
NA
400566
1630
91574
57706
3340
1646
138199
55008
100288287
10204
3802
284161
51294
9075
1268
112441429
3932
26985
132949
5132
347741
131118
5555
6596
945
4952
79874
63973
51277
11137
2702
8896
5208
127255
8214
11052
22873
100101267
10544
140731
25820
257044
2701
2318
79596
11345
5664
30816
388650
25973
9184
390245
2171
2047
10120
11116
100132074
1501
26496
343169
653361
5971
6275
123872
9182
58495
11188
93183
23245
414919
1060
390075
4671
158293
91663
139135
346528
125111
284098
5652
23517
23163
6241
389333
1026
57144
91584
3101
1761
645572
2866
4194
22927
79823
4940
26108
51510
346517
11199
5653
