29080
390195
51317
29991
1136
81127
820
147339
647589
26287
780
993
78995
92140
5414
4001
343450
80346
79147
57476
642515
23403
10930
5903
2997
100505576
11320
8886
3743
5378
139599
4759
63928
64979
11317
56413
6291
759
219988
4818
3357
392517
3206
7936
27152
2100
57224
93100
92949
57506
200205
11012
27177
23593
144402
374354
2857
2774
8908
54522
4205
815
2641
1147
26232
50848
5305
1499
55107
51450
3038
1573
10219
50619
2073
10491
81870
2689
9397
60488
3617
28986
4222
25871
9762
762
55669
64184
3606
27164
166752
57722
163154
6191
3775
29085
84191
191
203054
60676
340596
440574
219431
5336
23412
1123
84326
22844
390792
7965
2661
535
778
400566
2903
10272
112869
23281
221092
5728
134391
112885
4103
64097
54845
139135
95
146562
1908
388649
80125
143879
353091
348
246175
10640
3688
388633
653125
374918
54440
1660
4905
55801
30010
9553
5684
84168
10884
3425
84541
113510
84722
2063
10499
6445
3642
1510
6596
78990
1080
11102
55749
3760
837
498
92
23506
59084
9910
285423
284654
23360
131118
353333
7485
91754
56943
645037
219990
150356
147700
255520
9585
57817
219428
3267
84750
4360
2968
79541
63982
353145
3707
7026
3440
55631
344758
84886
5817
