57198
5378
23506
1649
2804
11199
90956
60370
57224
440574
57722
5986
644974
55889
3775
55009
4759
9085
25871
1908
253980
3953
1573
6456
29969
146562
5544
344758
8125
1788
59335
57476
11072
388649
55669
3566
645037
121227
5414
65061
26355
57146
3617
1300
81470
55693
8368
57730
23259
989
166824
719
164
3206
10491
116835
374918
80273
10930
26287
30010
3784
255520
63928
6259
51287
79072
10499
127943
442213
5373
55270
23403
4724
55905
339145
91851
55631
64151
28986
57817
9397
10608
27250
64130
54852
126306
10553
3013
10219
84541
23708
64184
5593
2037
3781
778
80346
353091
134526
84886
26502
54329
122618
84516
26234
5140
9275
63982
51816
5868
55074
113510
3421
10105
6596
29085
3964
55801
56925
81870
9476
22858
57149
84154
51317
4170
110806298
171586
57506
1982
3229
54522
219428
80341
8650
400566
116113
94027
4603
4705
27164
10884
51727
79572
644591
391112
2618
6191
837
3269
1048
344901
348094
23412
4878
146310
83879
81688
2903
389152
348
388633
285590
64423
86614
23581
2073
322
402569
1414
84570
84105
6051
4205
5467
5991
112802
2689
270
4103
81328
219988
60676
5684
388701
245911
221662
11067
5627
5090
7965
27071
64806
203054
55749
607
4689
150356
653125
94115
6549
388336
84722
2968
79020
815
4659
353139
64979
871
1269
112869
4613
63917
2997
2661
23764
353333
3760
192683
4354
5094
2328
84289
10063
11320
2063
81689
1510
93100
6275
64319
390792
84894
56943
59084
139599
643376
10683
11012
92
6291
50508
56413
3440
79570
56888
124583
8642
1827
57605
51209
390195
140731
5328
4331
1947
253714
6374
84750
8968
253152
3783
139135
2524
10075
9910
8788
55107
84070
92949
117194
3185
10066
23589
84191
4222
374354
8886
28956
80125
3357
759
1660
3713
64782
122509
2100
9585
147700
56479
2902
285423
60488
2641
65263
64097
148523
6189
136541
6286
147339
26232
5728
340526
79147
246175
4360
54440
3588
163154
166752
255743
4818
10686
1808
392517
8301
547
3425
191
5336
1136
10933
81532
1804
219431
27316
56979
5305
79568
280636
204474
5033
221092
84326
5817
29080
11188
56339
498
56963
27177
642515
1740
50619
137797
2799
728224
9817
220164
158521
4001
7485
143879
657
57556
1147
57148
79807
3283
23460
341208
84168
775
134391
353145
4133
390061
51340
55028
64651
22844
78995
762
4327
338321
10394
3547
343450
55593
11079
9553
639
200150
4905
131118
9631
10576
820
84700
6560
27152
993
2857
3267
84074
51450
95
285782
11102
10640
3707
389289
10272
1911
55182
219990
3606
135946
112885
2899
391211
92140
1778
3642
91608
962
346288
554235
7026
1123
6198
51177
8908
112939
55794
57471
388341
57407
89795
90525
91754
79541
57679
3038
144402
50848
51084
81127
26575
5903
11317
80152
101060233
340596
347240
129285
780
51207
9694
7936
29991
84689
80059
26682
6445
92259
8484
23281
114971
5273
403282
84954
554251
2717
135293
535
5724
196374
284654
23593
84830
113612
1381
5476
9762
3688
100505576
3743
78990
10627
23360
200205
647589
1080
149951
112441430
6223
118491
2774
149095
147710
8515
79441
3084
1499
148137
54845
