10636
107
10919
114
114781
139411
1497
164312
1813
22849
23237
2648
266743
2890
339977
348
3949
4204
440275
4776
4909
50944
55450
5590
55902
5621
5649
5923
6198
6446
6517
6616
6722
6869
793
814
894
9486
9867
10394
124975
240
241
2678
2679
2681
2686
2687
4048
4056
4258
4259
5319
5321
5322
6850
728226
728441
91227
92086
10039
11073
25900
27336
3014
4683
51548
55719
5884
6117
7158
7518
83695
84250
9656
1429
1543
1544
1548
1555
1557
1558
1559
1564
1565
1576
1577
2180
2329
2944
2946
2947
2948
30
4842
54658
55270
7172
8856
9446
