10039
11073
25900
27336
3014
4683
51548
55719
5884
6117
7158
7518
83695
84250
9656
10636
107
10919
114
114781
139411
1497
164312
1813
22849
23237
2648
266743
2890
339977
348
3949
4204
440275
4776
4909
50944
55450
5590
55902
5621
5649
5923
6198
6446
6517
6616
6722
6869
793
814
894
9486
9867
10013
10068
10105
10276
10365
11035
11179
11315
140885
1545
1728
1894
1906
2081
2146
2168
23064
23135
23411
2395
25
2534
3066
3297
3312
3569
358
388
406895
406901
4193
4217
4602
4780
5111
51157
51526
55139
55512
5562
558
5580
5598
5603
57332
59338
5970
6188
664
6714
6778
7128
7155
7226
7295
7703
80310
84557
847
8678
8737
8807
8877
8989
9131
9314
983
10273
10645
10715
25793
27102
291
292
3064
3091
345611
5071
55187
55626
64127
7319
7416
9812
10626
1488
1592
171023
22938
23019
23532
340665
56603
7181
811
8644
9249
9745
1000
10016
10370
10371
10500
10501
10505
10507
10509
10512
124540
157506
182
1908
1909
1910
1947
202018
2022
2066
223117
2247
2296
2303
2335
2348
23603
2637
2668
29072
30812
3084
3280
3357
3670
3911
4254
4902
5080
5308
54437
54910
553115
55698
5594
5595
56920
57556
57715
5788
58495
59349
596
5979
6405
64218
6469
652
655
657
6591
65979
6608
6662
6663
6899
6949
7291
7476
7869
80031
83989
84541
8482
8828
8829
8854
8929
90
9037
9221
9464
9723
998
1141
134
135
1392
142
1437
153
22871
26258
2691
3062
3737
4544
51738
5730
594857
7054
8087
8863
9572
1429
1543
1544
1548
1555
1557
1558
1559
1564
1565
1576
1577
2180
2329
2944
2946
2947
2948
30
4842
54658
55270
7172
8856
9446
100506013
10155
130399
200558
2013
2056
2192
2288
2529
253943
26173
2697
27161
29974
3020
3021
3339
340784
3490
3553
3690
3691
397
3976
406949
406950
406991
4313
4318
4838
5125
51673
54206
5467
55585
5618
5743
6159
63978
642623
64750
6647
6696
6781
682
7004
7076
708
7216
730249
7356
7422
780
796
81671
84172
8434
85360
8614
91
10394
124975
240
241
2678
2679
2681
2686
2687
4048
4056
4258
4259
5319
5321
5322
6850
728226
728441
91227
92086
112476
23176
23339
23355
27072
29091
55823
57617
64601
65082
6622
6812
84079
9392
11076
1272
20
200576
2068
23136
23405
26011
2817
287
400746
4099
4336
5376
54468
64398
7097
7368
8443
8506
8898
928
9896
100528062
10152
1020
10458
10611
1072
11141
115703
120892
1501
158866
1627
170506
1742
1855
1942
2043
2047
2048
2049
22891
23181
23316
25791
26037
26052
26115
27067
29904
3706
4076
5048
5063
51225
547
55619
5728
5789
65981
7074
7337
7779
7804
80725
80823
816
84062
8499
85358
8851
8976
9762
9912
1026
1111
1112
25949
29086
29980
29997
4303
4361
472
51149
51343
51347
51360
51514
51720
5347
56658
57551
60561
63967
641
672
79184
80279
84142
84446
8555
8720
8870
900
90381
9344
9577
10459
10714
10721
11201
201973
51426
51455
5425
5427
5429
5980
7398
