969
100133941
256764
116028
810
51208
54674
2203
1003
4093
4239
79098
199675
23514
3772
8091
991
5319
84913
306
358
6657
4320
116832
130271
9319
10894
219348
26577
2877
55388
395
722
6699
79682
1368
9173
6532
1556
7368
84830
3664
3569
23657
2354
7356
3149
8796
6236
8318
64116
10580
64399
3161
2305
54538
1033
2662
153579
4751
10631
26585
4481
3039
55355
58475
3485
126669
151126
8395
53836
4102
128346
641700
4616
548596
9133
100820829
11197
858
4973
1829
58494
253970
3373
9635
4091
11339
10129
29089
7704
10804
990
8038
7083
259266
4171
1356
54210
762
