6440
51208
125
3853
177
4321
53405
361
1580
6699
57016
3854
4312
55273
2167
200504
11170
4499
1361
3728
6273
5268
2706
6698
3852
1301
2823
26585
653509
7153
10804
157310
667
7134
1830
54658
7123
199675
6707
8547
29968
3866
3861
2877
6657
6513
6696
10351
11197
54443
6441
9635
11095
948
991
762
11185
56649
256691
22974
6241
120892
6332
91851
79674
3868
1285
332
259266
5744
10643
891
56241
6943
5225
8626
1555
4922
1825
256764
7356
53836
1832
9547
9133
2273
9787
1910
51705
389376
153
2354
2920
253970
155465
11065
23650
2348
81610
4023
5166
810
6317
1300
23213
2327
7020
6401
5317
115677
115908
29091
701
117156
6701
4085
22998
730
3043
83879
153579
5787
5275
1063
29128
55872
9837
1058
5319
147463
1277
6439
207107
3039
55165
7272
722
9055
983
6358
9833
5803
8038
3248
2532
3860
6278
151126
1667
4102
9254
8630
6535
8685
4973
3777
4751
7146
4105
55612
1033
29089
11004
25890
146556
338328
6495
890
10974
64399
286133
7345
5307
699
3899
771
3569
7704
4969
2305
3400
222584
1001
219348
90161
92304
400619
342035
5473
33
51203
1043
3953
9319
1894
10631
4239
2878
8676
10395
92196
205
6281
8991
4319
3832
7010
1675
240
79098
24137
9476
140733
7083
90865
8091
6505
55771
1556
23767
4171
55885
131873
1524
4320
5284
8395
5266
6790
8639
9022
10129
58494
548596
1048
10894
10563
28984
11130
407025
58475
10403
8796
130271
64116
2203
10112
8516
79625
83540
1829
9052
3149
1117
2921
54538
81617
10874
857
7058
27074
54674
155038
9079
3664
2205
395
1036
3170
825
143686
55635
114907
5348
79682
969
84624
51751
128346
306
27076
6715
1776
4288
11326
100820829
9493
11099
358
116028
51659
57864
5239
858
2304
27299
55215
94274
128218
2294
4929
221692
84830
3486
729533
3161
389125
2627
2219
6003
154
6283
163351
11339
64321
5984
3963
10580
3772
83595
83461
9212
408
4481
284
64651
57549
221303
57381
8318
64065
27306
64174
9928
51673
2268
6236
1690
257019
55355
23532
3485
29028
6695
4616
21
51512
256949
79755
407004
23327
113130
55388
9806
1396
2146
343450
3977
59277
6532
641700
646
3579
116159
186
1368
1290
7348
1278
23657
53842
53335
10396
2791
53905
1003
9457
7080
54742
100505633
219995
116832
386757
5352
185
10268
140706
25907
4173
10365
9232
10615
7298
26577
10606
1111
7447
27303
9936
147372
2662
6711
64151
79148
285313
11254
9982
115019
728239
84913
1281
105375355
55282
27145
55366
2013
55839
91057
54873
1728
474344
79689
7433
100133941
3373
8418
9582
10135
8581
23554
4332
84952
2729
7802
54507
3386
4093
79083
135932
990
10568
3398
54210
104
23514
126669
9173
101926959
60675
152007
6566
1602
55081
1382
10516
51458
168537
10742
8140
55083
3070
4360
1062
1303
80177
5730
55450
2869
7075
1356
745
9208
118932
9076
10635
7368
5950
4008
9452
4091
23037
8013
54845
101927279
9718
2157
287
6318
55143
1289
5101
23397
84706
79413
2202
286827
3713
26872
23242
8837
